,train,val,test
TCGA-02-0001-01Z-00-DX3.2836ce55-491f-4d86-99b1-668946927af8,True,False,False
TCGA-02-0003-01Z-00-DX2.c7652d8d-d78f-49ae-8259-bb2bdb5d50fb,True,False,False
TCGA-02-0003-01Z-00-DX3.995C2924-E298-4517-82A4-15806766CE31,True,False,False
TCGA-02-0006-01Z-00-DX1.a37df719-8b93-4245-ae49-67eb1114253a,True,False,False
TCGA-02-0009-01Z-00-DX1.5eceecd9-a9e2-421c-ab48-dbf24e95c64d,True,False,False
TCGA-02-0009-01Z-00-DX3.BAA1276B-E4D7-43D4-BDDF-807532462518,True,False,False
TCGA-02-0011-01Z-00-DX1.7CF44982-AE5A-47A5-8D07-E526522DC094,True,False,False
TCGA-02-0016-01Z-00-DX1.BDC4422F-DA4A-4239-B2CF-F19796446767,True,False,False
TCGA-02-0025-01Z-00-DX2.aa8923a0-2930-47f4-bbff-ceb080fafc9e,True,False,False
TCGA-02-0034-01Z-00-DX1.aebc3ec5-2455-4aa1-b21a-ced8bdc6f3d8,True,False,False
TCGA-02-0034-01Z-00-DX3.5982B9BA-7F60-4A41-979A-5BF3C81CC74D,True,False,False
TCGA-02-0034-01Z-00-DX2.f86120e8-3574-4a1d-a42b-248e86e2674f,True,False,False
TCGA-02-0037-01Z-00-DX2.18F6DD22-94C4-4808-8957-213D4A101F83,True,False,False
TCGA-02-0038-01Z-00-DX1.5E369837-371E-4845-AD78-84BB48E1A082,True,False,False
TCGA-02-0047-01Z-00-DX1.4755D138-5842-4159-848C-4248D6D53DE0,True,False,False
TCGA-02-0048-01Z-00-DX1.ADB8ABD8-E1A1-4708-8ADF-0DE96AFADA27,True,False,False
TCGA-02-0052-01Z-00-DX1.93BA650B-4E71-43D8-9974-16185F906EB8,True,False,False
TCGA-02-0054-01Z-00-DX1.B8AFCEF2-4ED1-4329-854A-313AAECF3093,True,False,False
TCGA-02-0068-01Z-00-DX1.B1C4CAA6-6493-4AA1-9A48-B4336BB8D16A,True,False,False
TCGA-02-0069-01Z-00-DX1.A8BFC1F6-4C3F-4543-86CA-90BBBC627564,True,False,False
TCGA-02-0070-01Z-00-DX1.5E0E6185-E40B-4BDB-A762-03399FBD7C12,True,False,False
TCGA-02-0071-01Z-00-DX1.B9C1B58E-7A88-4C92-9E4C-2961A710F9A4,True,False,False
TCGA-02-0075-01Z-00-DX1.2BFAAE68-2B16-4F00-B412-074E7073EBD3,True,False,False
TCGA-02-0079-01Z-00-DX1.846D3C54-C7BD-477F-A33A-D7641DD1CCEC,True,False,False
TCGA-02-0085-01Z-00-DX1.ac1b3db0-1647-4303-9a95-d67fab6bf700,True,False,False
TCGA-02-0086-01Z-00-DX1.E43AA83C-3FD5-4807-A272-8C5415A9226A,True,False,False
TCGA-02-0099-01Z-00-DX1.E3BD2989-346F-4580-9E67-23BEEA35094E,True,False,False
TCGA-02-0115-01Z-00-DX1.9261988C-1002-4E99-8611-46C722FE49C5,True,False,False
TCGA-06-0122-01Z-00-DX3.f14607a9-7121-42ed-9889-40d4261a6d07,True,False,False
TCGA-06-0124-01Z-00-DX1.eef7074b-4055-4d64-bc21-1f93822d63d3,True,False,False
TCGA-06-0124-01Z-00-DX5.5fee1242-c113-4404-b504-23b607a3459f,True,False,False
TCGA-06-0124-01Z-00-DX4.d91f6ca6-dc38-46cc-9803-ec754acd65c4,True,False,False
TCGA-06-0124-01Z-00-DX2.b3bd2a52-1a9a-409e-8908-6a2f30878080,True,False,False
TCGA-06-0124-01Z-00-DX6.6f47506a-94ca-4f3e-a824-dd6098cdc911,True,False,False
TCGA-06-0124-01Z-00-DX3.30f5dfb8-2160-4abb-94fe-26a979e23638,True,False,False
TCGA-06-0125-01Z-00-DX2.4f9cef92-2bdb-480d-8704-94289f8b70fb,True,False,False
TCGA-06-0125-01Z-00-DX1.8e0915b2-8dc3-4753-8062-05643835672b,True,False,False
TCGA-06-0126-01Z-00-DX2.9754eddf-27d1-44ae-8bf7-74fa7c6ae431,True,False,False
TCGA-06-0127-01Z-00-DX3.2e311110-3d6f-4864-9cd4-d8e716cb4db6,True,False,False
TCGA-06-0127-01Z-00-DX2.f1ab580e-88c3-4fb3-ab6e-114b0a89c4f1,True,False,False
TCGA-06-0127-01Z-00-DX1.2f717825-f1b4-4ccf-8b38-35c1db04ae49,True,False,False
TCGA-06-0130-01Z-00-DX1.0391b65f-4e1d-4444-abb0-e5804606d461,True,False,False
TCGA-06-0133-01Z-00-DX1.47944c2e-fe0e-4d29-a7a5-2efc01d8dd94,True,False,False
TCGA-06-0133-01Z-00-DX2.fbda343a-e928-44d6-85a0-2080ced06dd9,True,False,False
TCGA-06-0137-01Z-00-DX3.84d2c007-be53-431d-b5d6-1bb62d28cafb,True,False,False
TCGA-06-0137-01Z-00-DX7.c0c25c01-8602-47a5-8d52-cb323c3432d2,True,False,False
TCGA-06-0137-01Z-00-DX2.10a13f6d-b5f1-4fcb-9bf6-718dfbef3251,True,False,False
TCGA-06-0137-01Z-00-DX6.20d3049a-547a-49db-bf2c-59d8762441ea,True,False,False
TCGA-06-0137-01Z-00-DX4.140591f4-dc4d-493d-9a70-bed1335dd1c1,True,False,False
TCGA-06-0137-01Z-00-DX5.0f06ca27-54e2-490a-8afb-a19600e60619,True,False,False
TCGA-06-0138-01Z-00-DX4.8aec0797-c88f-4345-ab9b-dfba99dd91e6,True,False,False
TCGA-06-0138-01Z-00-DX3.2767efef-7d5f-40ff-9b36-5329d0fa6829,True,False,False
TCGA-06-0138-01Z-00-DX1.212817bd-0fa0-4503-ae5b-4eaee8ee95e5,True,False,False
TCGA-06-0138-01Z-00-DX2.7235a461-6b3f-489c-9bff-cb0ccba874ea,True,False,False
TCGA-06-0139-01Z-00-DX1.480e4717-5290-43a4-8534-62b7761ebe61,True,False,False
TCGA-06-0141-01Z-00-DX3.0b0aaacd-38b1-46f4-b8bf-bf38c35e6188,True,False,False
TCGA-06-0141-01Z-00-DX5.b2dbdb69-a038-4b9e-a094-252d78287aad,True,False,False
TCGA-06-0141-01Z-00-DX2.9c16caf2-d538-4233-9480-1188d85c229d,True,False,False
TCGA-06-0141-01Z-00-DX4.3efe78fa-f1ee-42ae-83f8-c3fe79b997f3,True,False,False
TCGA-06-0141-01Z-00-DX1.ec301079-2d58-4079-b2ab-d8fdbca2fbf7,True,False,False
TCGA-06-0143-01Z-00-DX2.6c4cb4fb-440c-4099-b7db-ff863614c9b8,True,False,False
TCGA-06-0143-01Z-00-DX1.d8a36977-d169-4059-9cd6-3f65f1bc821a,True,False,False
TCGA-06-0145-01Z-00-DX2.9713b8c7-4664-40e9-82a1-da0a82d544c2,True,False,False
TCGA-06-0145-01Z-00-DX4.52da9a91-d1df-4e6b-8a80-9f2a2749cdeb,True,False,False
TCGA-06-0145-01Z-00-DX5.1d9fc2de-a6f4-4484-9bb2-81b92a6674b1,True,False,False
TCGA-06-0145-01Z-00-DX1.808a018c-cbbf-4723-b843-4bbf574cc40c,True,False,False
TCGA-06-0147-01Z-00-DX1.5a8942f3-ec7b-4698-8fd1-5feb7ee81849,True,False,False
TCGA-06-0147-01Z-00-DX2.57e3c7a3-b271-4ab3-b6a0-aac29f5d52a6,True,False,False
TCGA-06-0148-01Z-00-DX4.646db76b-0dae-417c-8f52-3feaa14518e3,True,False,False
TCGA-06-0148-01Z-00-DX3.4552941d-88e8-499f-ab40-92b86e9b6459,True,False,False
TCGA-06-0152-01Z-00-DX6.b20146eb-b6a1-4f9f-842f-8761fc489965,True,False,False
TCGA-06-0152-01Z-00-DX1.1fc06545-499a-45dc-8815-e987ba3b3630,True,False,False
TCGA-06-0152-01Z-00-DX4.5403448f-0430-4324-a801-37e597d9a8ff,True,False,False
TCGA-06-0152-01Z-00-DX9.8620b410-9d16-418e-88e1-b75c020da50a,True,False,False
TCGA-06-0152-01Z-00-DX2.3abd50dc-888e-4cc4-b92a-65767de46038,True,False,False
TCGA-06-0152-01Z-00-DX3.4f78720a-e5ca-4ac4-bdaa-e3ec325ac6bd,True,False,False
TCGA-06-0152-01Z-00-DX7.9e6068c4-3cd2-4fe2-ae00-62ce530b8a5b,True,False,False
TCGA-06-0152-01Z-00-DX5.d43177f3-75c0-4049-8af7-76c2c12e6411,True,False,False
TCGA-06-0152-01Z-00-DX8.8bb9f170-315e-4fce-ab06-6c87f1babaa0,True,False,False
TCGA-06-0154-01Z-00-DX1.e52d5443-e663-451f-8a1f-83ec5bb9a401,True,False,False
TCGA-06-0154-01Z-00-DX2.5d908d2e-08ba-4ae0-bb0e-34472a5ed4b3,True,False,False
TCGA-06-0154-01Z-00-DX4.6fda0714-6fd5-4955-ba9d-38681d19d4b6,True,False,False
TCGA-06-0157-01Z-00-DX4.3b8c3eff-e379-4f37-b6f1-fbd21fb379f5,True,False,False
TCGA-06-0157-01Z-00-DX2.8ff48e0c-0470-4055-af66-a1a40e587d50,True,False,False
TCGA-06-0157-01Z-00-DX5.4cf3a0ca-78d6-4884-83f0-de4f07080fe6,True,False,False
TCGA-06-0158-01Z-00-DX1.05358ff8-3c26-440a-9d51-bafa92cf4685,True,False,False
TCGA-06-0166-01Z-00-DX5.a5de0008-83a4-4bff-8efe-fa70dcc9a6a3,True,False,False
TCGA-06-0166-01Z-00-DX7.901d41a8-1657-4c8a-85f6-14de6a02b526,True,False,False
TCGA-06-0166-01Z-00-DX3.a8310185-2d75-4b48-9760-1de4e2d7e9bb,True,False,False
TCGA-06-0166-01Z-00-DX6.c9cc3892-da84-44e8-b5d1-895f831fbcdb,True,False,False
TCGA-06-0166-01Z-00-DX4.7466fd4b-fdce-4fc3-aafc-0c4ce6c84a54,True,False,False
TCGA-06-0166-01Z-00-DX2.bdf93b56-8162-4ddf-a7ef-42dd461daa4f,True,False,False
TCGA-06-0168-01Z-00-DX1.de032f58-1712-4029-a607-87c858c6c965,True,False,False
TCGA-06-0168-01Z-00-DX2.ff5ffc86-6220-432b-bb9f-0c15bfa1a157,True,False,False
TCGA-06-0168-01Z-00-DX3.6a390bd7-bbe8-4cdf-a562-2ef52d781186,True,False,False
TCGA-06-0169-01Z-00-DX1.a471a09b-1488-4d1e-9945-6c487bfb081f,True,False,False
TCGA-06-0171-01Z-00-DX2.36b8a018-8845-4600-954b-dc12ce772ad6,True,False,False
TCGA-06-0171-01Z-00-DX3.3006472c-0009-40eb-bb93-7896f62e1ed2,True,False,False
TCGA-06-0171-01Z-00-DX5.223799ea-caac-4314-8e9d-5cb466756a64,True,False,False
TCGA-06-0173-01Z-00-DX1.b7d1b579-797f-4364-bd7d-29522b4fb6aa,True,False,False
TCGA-06-0173-01Z-00-DX2.0de78487-bbad-4394-872c-a6613f610ec8,True,False,False
TCGA-06-0174-01Z-00-DX3.23b6e12e-dfc1-4c6f-903e-170038a0e055,True,False,False
TCGA-06-0174-01Z-00-DX2.de726441-7e3c-47ce-bd09-b890e2d85c5a,True,False,False
TCGA-06-0176-01Z-00-DX1.bc0aabdd-adc2-4aae-830a-2c30cad01027,True,False,False
TCGA-06-0176-01Z-00-DX2.25e77a0c-317f-40e1-bd80-401f4df22d20,True,False,False
TCGA-06-0176-01Z-00-DX4.98c6f166-0c65-47c5-9d26-c4e524b25577,True,False,False
TCGA-06-0176-01Z-00-DX3.43d33689-7bea-4a18-b6dd-cf0c2df4a584,True,False,False
TCGA-06-0184-01Z-00-DX2.b2242e9f-fac3-4e80-a82c-413e32332b68,True,False,False
TCGA-06-0184-01Z-00-DX3.05b0e8e2-9a0a-460f-a7f7-f87a425ad1f1,True,False,False
TCGA-06-0184-01Z-00-DX1.aa1c8dbf-ae23-4f98-8b44-86bcbb24e839,True,False,False
TCGA-06-0184-01Z-00-DX4.9beaedc5-cc34-4ebc-a0e5-318ef0fd2765,True,False,False
TCGA-06-0185-01Z-00-DX1.63a424a7-724c-45f4-9eee-c7fc1eda49a6,True,False,False
TCGA-06-0187-01Z-00-DX2.87f7b94d-c9d3-4ed3-9bb3-2e37d810e2ea,True,False,False
TCGA-06-0187-01Z-00-DX3.e8345881-5d2e-4880-b1db-d28ebd302664,True,False,False
TCGA-06-0187-01Z-00-DX1.cdb244df-72af-4ffa-b063-a4ab81f89617,True,False,False
TCGA-06-0188-01Z-00-DX5.133f13cc-4387-4abc-b47d-05b5870cfe2e,True,False,False
TCGA-06-0188-01Z-00-DX2.a6885b32-1397-4158-824e-1b7faa11f954,True,False,False
TCGA-06-0188-01Z-00-DX4.c3e0e229-4c7c-4e4b-b2fa-9e9a835d6cf3,True,False,False
TCGA-06-0188-01Z-00-DX7.f175e12e-b350-41a7-8dfa-3095909a7e04,True,False,False
TCGA-06-0188-01Z-00-DX6.d85af94e-adbb-4489-b98f-57d2431e28f6,True,False,False
TCGA-06-0188-01Z-00-DX3.4e48d0b9-9941-4b05-9f11-dfe5e3c855a9,True,False,False
TCGA-06-0189-01Z-00-DX2.675bdae0-98f7-4aa2-ae7e-7ae96a0202b7,True,False,False
TCGA-06-0189-01Z-00-DX4.bc4d88a2-dd59-41b4-9218-e3cb458bb5f4,True,False,False
TCGA-06-0189-01Z-00-DX1.1d688f71-dfa3-482e-98f8-d667201b50ed,True,False,False
TCGA-06-0190-01Z-00-DX1.84da294a-81f2-4820-b72e-f084769f771a,True,False,False
TCGA-06-0195-01Z-00-DX1.c22cac2c-b46b-4731-ac79-cdc0d24b2461,True,False,False
TCGA-06-0195-01Z-00-DX5.f0adc4a5-671d-4b0f-9ae1-de3869c199b3,True,False,False
TCGA-06-0195-01Z-00-DX2.5327662a-89b0-4297-ac6e-7af80f06cb3a,True,False,False
TCGA-06-0195-01Z-00-DX4.9118166e-d483-455f-ba81-2a0cdfdc6ad7,True,False,False
TCGA-06-0195-01Z-00-DX3.6a796dec-5f1f-404e-b100-70e7abe3c45a,True,False,False
TCGA-06-0197-01Z-00-DX1.8b3d8c3f-2320-4ab4-a9aa-e3b8a68d267f,True,False,False
TCGA-06-0197-01Z-00-DX3.ad53065b-33ac-4dd9-bd1a-98ef2c8fa057,True,False,False
TCGA-06-0201-01Z-00-DX2.0371aa1e-fb00-4aea-abe8-ceb12a9db04f,True,False,False
TCGA-06-0201-01Z-00-DX1.c3a5e3a4-7614-4446-b1a3-59c585063744,True,False,False
TCGA-06-0206-01Z-00-DX4.c55f15a4-5091-4a92-841d-1339f497ea47,True,False,False
TCGA-06-0206-01Z-00-DX3.00cfa9c4-d943-4821-983a-a65218de29ef,True,False,False
TCGA-06-0206-01Z-00-DX1.5ede33b2-4778-4e33-bb83-17f81bb35aca,True,False,False
TCGA-06-0206-01Z-00-DX2.df39f5d7-9d4b-489d-8f86-1a9ae9793ab7,True,False,False
TCGA-06-0208-01Z-00-DX2.7578ffcb-f02a-41dd-8456-71f333407a6d,True,False,False
TCGA-06-0208-01Z-00-DX5.40d283d7-194d-454a-88de-8c1373696f73,True,False,False
TCGA-06-0208-01Z-00-DX6.f811b11c-b042-42cb-ba9f-81747fb15fde,True,False,False
TCGA-06-0208-01Z-00-DX3.99d68d3a-5884-4eb8-bdee-8ed1bc08bc61,True,False,False
TCGA-06-0209-01Z-00-DX2.696bfc96-020e-41c4-9a3a-e34e170d0e50,True,False,False
TCGA-06-0209-01Z-00-DX1.d6963fa7-3427-4088-8dc3-cfc489ac0ddf,True,False,False
TCGA-06-0209-01Z-00-DX6.4c470a76-e452-42a8-a4bf-3c0bdf9c46ff,True,False,False
TCGA-06-0209-01Z-00-DX4.697ea567-9fed-423c-a332-0d61b81ce9e2,True,False,False
TCGA-06-0209-01Z-00-DX5.1f44756d-7ad7-401c-bf8b-ecc88704d92d,True,False,False
TCGA-06-0210-01Z-00-DX4.58a33622-8ece-4934-b8bd-9aa64485ab4c,True,False,False
TCGA-06-0210-01Z-00-DX5.ac28952b-2394-4477-a9eb-276b0d6e9d67,True,False,False
TCGA-06-0210-01Z-00-DX1.14cee57f-1239-4e5a-8bab-f70fa36dd367,True,False,False
TCGA-06-0211-01Z-00-DX2.dea01d17-0a8c-4e58-a82a-9b2de99258af,True,False,False
TCGA-06-0211-01Z-00-DX1.9c0772e4-c956-4f0a-bfc2-dc03640167a9,True,False,False
TCGA-06-0213-01Z-00-DX5.09126b9a-a487-4a3e-ad6c-935a2786ce47,True,False,False
TCGA-06-0213-01Z-00-DX3.337437a8-ffca-4ca2-9b94-902ce032d5f4,True,False,False
TCGA-06-0213-01Z-00-DX2.5968b29e-a689-4d8a-80b0-e0ffff8bcec6,True,False,False
TCGA-06-0213-01Z-00-DX1.16219fe9-0be9-46b2-9190-02b981c4bc39,True,False,False
TCGA-06-0213-01Z-00-DX4.2e849308-80d0-4cd1-92c2-8649c790095c,True,False,False
TCGA-06-0214-01Z-00-DX2.b30c4c85-604f-42ea-b2f8-e583566fcefe,True,False,False
TCGA-06-0214-01Z-00-DX1.96cbe709-d077-4613-bfcd-2fdb0485cdb6,True,False,False
TCGA-06-0214-01Z-00-DX3.a2d6733a-d151-434f-bd63-ed3977dfd3af,True,False,False
TCGA-06-0216-01Z-00-DX1.dfa5d225-9ccb-44af-83f2-9af3f2e825db,True,False,False
TCGA-06-0216-01Z-00-DX3.78c3b2fb-8e64-4f1a-a5af-765c92286b90,True,False,False
TCGA-06-0216-01Z-00-DX5.b9a89800-36b0-47ec-b510-75a74f2e433c,True,False,False
TCGA-06-0216-01Z-00-DX2.f0041db3-39da-48a8-860e-b25876ff537e,True,False,False
TCGA-06-0219-01Z-00-DX2.530ad4a9-eed1-4127-8dd3-b0a7a6cb2b7d,True,False,False
TCGA-06-0219-01Z-00-DX1.592a9605-e9ec-46f5-a055-5001088f47d0,True,False,False
TCGA-06-0237-01Z-00-DX2.684d94ed-c551-4460-96de-5cdfa0c36622,True,False,False
TCGA-06-0238-01Z-00-DX1.3ee95605-124e-4849-a36b-eee7e19ce3de,True,False,False
TCGA-06-0241-01Z-00-DX1.69ba208e-6941-454a-93ef-70268a646e62,True,False,False
TCGA-06-0644-01Z-00-DX1.bbce7e5c-6df3-4963-ac75-9f566a2fde12,True,False,False
TCGA-06-0645-01Z-00-DX1.ffca480d-519c-4628-844c-946b5d000d01,True,False,False
TCGA-06-0646-01Z-00-DX2.81b40946-c2b9-4850-9f96-da44593561a5,True,False,False
TCGA-06-0646-01Z-00-DX3.4e029189-ecef-4e12-be1a-c67fbdf8e22b,True,False,False
TCGA-06-0646-01Z-00-DX1.459f1e60-f299-4fea-bc00-9aa068e67f76,True,False,False
TCGA-06-0648-01Z-00-DX1.9e5a6a97-8bef-41a5-9c7b-675b254f4aad,True,False,False
TCGA-06-0648-01Z-00-DX2.f9ec13f9-adc9-4e6b-bc78-01a00e415ffe,True,False,False
TCGA-06-0649-01Z-00-DX2.d9e0f4c7-cfea-4724-9109-a9642c530def,True,False,False
TCGA-06-0686-01Z-00-DX1.fc0b2e05-94e0-4540-b519-6fc0c81e8d6f,True,False,False
TCGA-06-0686-01Z-00-DX2.a8bb8d8a-c768-4ef4-81ec-1172b8110c2f,True,False,False
TCGA-06-0744-01Z-00-DX1.948cea15-dbea-483c-becb-78166086ec0a,True,False,False
TCGA-06-0745-01Z-00-DX1.3e0f266b-f1b5-42cb-8633-8cea6ee0ba6e,True,False,False
TCGA-06-0747-01Z-00-DX5.d846c7c0-b0dc-41e7-b872-d8cdaf849ed3,True,False,False
TCGA-06-0747-01Z-00-DX3.34c9713f-ce7a-4add-8142-cd56e4e9a7b2,True,False,False
TCGA-06-0747-01Z-00-DX2.3c60f8bf-1e53-406a-89b8-e447d6280ab2,True,False,False
TCGA-06-0747-01Z-00-DX4.b69d6545-b545-486e-83bc-863330ee2083,True,False,False
TCGA-06-0747-01Z-00-DX1.d00990ff-e213-4c7b-9643-6eb4b47d4613,True,False,False
TCGA-06-0749-01Z-00-DX2.a57f0ede-6378-4e2a-b219-2fd6a36a4f65,True,False,False
TCGA-06-0749-01Z-00-DX4.d44dbb9e-345f-46b0-a023-a1258d384b6f,True,False,False
TCGA-06-0749-01Z-00-DX3.a2a7c65c-9629-4575-9a2a-b3c0c771a1fa,True,False,False
TCGA-06-0749-01Z-00-DX1.5831460f-c2ad-46cf-8dd4-d99dbfd0760c,True,False,False
TCGA-06-0750-01Z-00-DX2.a8d7b719-b24c-4403-b977-cd38f1e39709,True,False,False
TCGA-06-0750-01Z-00-DX3.a8f15076-293c-4f54-b047-a32eaeccca11,True,False,False
TCGA-06-0750-01Z-00-DX4.50267490-2584-49d8-81c5-07c89090145b,True,False,False
TCGA-06-0875-01Z-00-DX1.c04e2f8e-868d-455b-88b0-af5ee89bf319,True,False,False
TCGA-06-0876-01Z-00-DX2.62c8149d-ef50-40f9-b322-59fc242e63b4,True,False,False
TCGA-06-0876-01Z-00-DX1.4268ceff-f46b-4d72-8606-45e79d935325,True,False,False
TCGA-06-0879-01Z-00-DX1.644fc888-2c42-49dc-a461-072edd097f79,True,False,False
TCGA-06-0879-01Z-00-DX2.a4d93673-f846-4518-90b8-f6f5070e8187,True,False,False
TCGA-06-0881-01Z-00-DX2.791dd92e-eaa1-474e-a63f-6df4b4f872b7,True,False,False
TCGA-06-0881-01Z-00-DX1.0051da3c-d88a-483d-ae4c-90fe378bf0c3,True,False,False
TCGA-06-0882-01Z-00-DX2.7ad706e3-002e-4e29-88a9-18953ba422bf,True,False,False
TCGA-06-1084-01Z-00-DX2.f36f31e3-2d41-410c-a5b4-91f1f7508eec,True,False,False
TCGA-06-1087-01Z-00-DX2.1f91f05a-f277-4c98-9955-37e0c83b745f,True,False,False
TCGA-06-1801-01Z-00-DX1.94958ef7-74a5-415e-bd4c-a4e52e1f6551,True,False,False
TCGA-06-1801-01Z-00-DX2.4244a136-5673-4082-a00a-e0ba19959c1d,True,False,False
TCGA-06-5408-01Z-00-DX1.4c572122-e7f8-488b-aad1-089301ba2a84,True,False,False
TCGA-06-5410-01Z-00-DX1.6fca0716-7c1d-4545-bdde-9cdb3aa6aa5f,True,False,False
TCGA-06-5411-01Z-00-DX1.08bf7f79-7346-4b1b-b8a7-e24abf11e848,True,False,False
TCGA-06-5413-01Z-00-DX1.6c5e8a47-c2d0-4873-9b32-36857c5f67ac,True,False,False
TCGA-06-5414-01Z-00-DX1.9b71e393-8801-480b-90a0-ee533ed24b0c,True,False,False
TCGA-06-5415-01Z-00-DX1.182e6c05-1ead-480f-8ffb-deca12aacbd2,True,False,False
TCGA-06-5418-01Z-00-DX1.8c45ebb4-528d-4d2d-bde0-05266b51f06c,True,False,False
TCGA-06-5856-01Z-00-DX1.9ba8a585-af7f-48b6-8724-ad0f439f4e17,True,False,False
TCGA-06-5858-01Z-00-DX1.d964971f-f75f-478a-bc85-10a510bd2835,True,False,False
TCGA-06-5859-01Z-00-DX1.ab40e405-f25a-4fd2-95a2-ed86f8a2007f,True,False,False
TCGA-06-6390-01Z-00-DX1.b5ab515a-7b50-4e73-a999-f581232b005a,True,False,False
TCGA-06-6391-01Z-00-DX1.b5200991-137b-49e9-965c-0d8465e0d63e,True,False,False
TCGA-08-0245-01Z-00-DX1.CFCAFA75-E128-47D9-9F16-43A175738145,True,False,False
TCGA-08-0246-01Z-00-DX1.F6215D43-42E5-41B6-AD72-FBC7E2A19D79,True,False,False
TCGA-08-0345-01Z-00-DX1.DEC032EE-E0D3-4F8A-9008-063BDC17DFBF,True,False,False
TCGA-08-0347-01Z-00-DX1.CA3BDEAA-1F85-43A9-99D8-9FB7ED6BCDBD,True,False,False
TCGA-08-0348-01Z-00-DX1.8AA2259D-4BC5-4256-9A66-9D07835EB3B8,True,False,False
TCGA-08-0349-01Z-00-DX1.3D53FE9F-E4E6-4D73-A339-CCF9CDD81288,True,False,False
TCGA-08-0350-01Z-00-DX1.60549F68-E548-4634-8851-B24818FDFA40,True,False,False
TCGA-08-0351-01Z-00-DX1.F5C2AE7A-1BD1-407A-B615-AA2EE331483E,True,False,False
TCGA-08-0352-01Z-00-DX2.d1d43af6-fc93-4d1d-a432-8c5e9ee9b04f,True,False,False
TCGA-08-0353-01Z-00-DX1.C29C6177-3C62-4399-A030-C936156E79D2,True,False,False
TCGA-08-0354-01Z-00-DX1.577F7E82-1CDD-4639-9079-AC24FCE94BF7,True,False,False
TCGA-08-0355-01Z-00-DX1.07707D65-4EBF-437E-A53D-F779F0AEF7F3,True,False,False
TCGA-08-0356-01Z-00-DX1.8E74B4EF-3D96-43F6-BAD5-4A33C9B21B6E,True,False,False
TCGA-08-0357-01Z-00-DX1.F0E652B4-DE1D-41AA-A531-FEBC41C62D4F,True,False,False
TCGA-08-0358-01Z-00-DX1.8510133b-16c5-4d60-813d-054b2cb3ad24,True,False,False
TCGA-08-0359-01Z-00-DX1.FBED91D4-4D46-4354-ABCF-3D2EBDA42C6D,True,False,False
TCGA-08-0375-01Z-00-DX1.76B7554F-0C77-4E2B-A1F7-633E896FB5E3,True,False,False
TCGA-08-0380-01Z-00-DX1.256C9EAF-9CB6-4ED6-BBCE-CC47C59C02CE,True,False,False
TCGA-08-0386-01Z-00-DX1.F3BE4054-6C0D-4E04-B9F7-8662AADDC8DF,True,False,False
TCGA-08-0389-01Z-00-DX1.F833FAB6-9A7B-4BBB-BF0B-3D4F18DBB8A2,True,False,False
TCGA-08-0390-01Z-00-DX1.01310651-CD52-4244-8C13-44001BBAC17E,True,False,False
TCGA-12-0615-01Z-00-DX3.57f0d9cc-9570-4c75-9c7b-d6e346b9e6bf,True,False,False
TCGA-12-0615-01Z-00-DX2.02099a56-eb5f-4b37-899a-dde55ff7f939,True,False,False
TCGA-12-0616-01Z-00-DX2.b1c06527-b3db-4a76-ac29-6e4a71566cc6,True,False,False
TCGA-12-0616-01Z-00-DX5.829be590-41ed-4498-b33e-9e4de11654ce,True,False,False
TCGA-12-0616-01Z-00-DX1.b8f3138f-e73b-49bc-8354-a89e56232f56,True,False,False
TCGA-12-0616-01Z-00-DX4.bcc9933d-865c-4c8d-a96d-607940b8ebaf,True,False,False
TCGA-12-0616-01Z-00-DX3.b426f381-b175-4a6d-957e-2dbfed42caeb,True,False,False
TCGA-12-0616-01Z-00-DX6.2f9366a7-27d3-4538-922e-e271e435244f,True,False,False
TCGA-12-0618-01Z-00-DX2.2addb6c6-fe61-44da-ab9a-59628b06d747,True,False,False
TCGA-12-0618-01Z-00-DX3.a718df65-8c92-4262-be57-d9c7ac77d362,True,False,False
TCGA-12-0618-01Z-00-DX1.e174afd8-0708-4e92-8c4b-9578062e56ea,True,False,False
TCGA-12-0618-01Z-00-DX4.e0734d40-7ef7-4064-b43d-c748989c6840,True,False,False
TCGA-12-0619-01Z-00-DX1.5dbe8a66-9996-4f86-881e-025614e0bd9f,True,False,False
TCGA-12-0619-01Z-00-DX3.bfb91928-1b12-46dc-a734-dd87ae164c13,True,False,False
TCGA-12-0619-01Z-00-DX2.e305c038-1dd0-422f-87dd-8edaeace224d,True,False,False
TCGA-12-0620-01Z-00-DX3.e12d459d-2ffe-464f-b7e9-6a5ea6c87ac3,True,False,False
TCGA-12-0620-01Z-00-DX2.2dde35f3-5eae-41b9-807a-9689a86dbb0d,True,False,False
TCGA-12-0620-01Z-00-DX1.5d4cc50f-9b78-4b8b-8e8e-1c20ae415d71,True,False,False
TCGA-12-0656-01Z-00-DX1.08311e56-c469-459d-8dcc-22dc26be4372,True,False,False
TCGA-12-0656-01Z-00-DX2.d2a15599-38d8-4d44-b57b-b075df383f4b,True,False,False
TCGA-12-0657-01Z-00-DX2.426da533-c768-43b8-b38e-92469082ff27,True,False,False
TCGA-12-0657-01Z-00-DX3.b5c2375e-e59b-40ee-b1e0-0f3fc4e17585,True,False,False
TCGA-12-0662-01Z-00-DX4.29f739c2-f70f-4ad5-ae7f-9f94c14adca2,True,False,False
TCGA-12-0662-01Z-00-DX2.642f1935-5bbf-4980-9fe5-1244531a07e1,True,False,False
TCGA-12-0670-01Z-00-DX4.CABEB480-65ED-4981-9057-8B2E398634D9,True,False,False
TCGA-12-0670-01Z-00-DX1.749B1907-3792-4774-A3EC-94A837F737EA,True,False,False
TCGA-12-0670-01Z-00-DX2.9B4706D7-1C81-4FD9-8E82-0223149306B6,True,False,False
TCGA-12-0688-01Z-00-DX4.0876e8d9-b06c-4caa-ae5a-eb197a901e1a,True,False,False
TCGA-12-0688-01Z-00-DX1.391a7503-30a8-44eb-b7f7-d369638b7514,True,False,False
TCGA-12-0688-01Z-00-DX5.3651b74a-a95c-42fc-bb35-aa577ceb082b,True,False,False
TCGA-12-0691-01Z-00-DX6.07ecaf57-a9f0-4f28-aab4-3ee85e1008f0,True,False,False
TCGA-12-0691-01Z-00-DX3.5e39087c-19ce-4dff-89b2-bb366a48a393,True,False,False
TCGA-12-0691-01Z-00-DX4.f7c6d2db-9c2d-4cfb-ba31-6392599c561a,True,False,False
TCGA-12-0691-01Z-00-DX1.4bb6287c-f989-4f9d-9def-9048138dbc53,True,False,False
TCGA-12-0691-01Z-00-DX5.2096432e-0a08-449c-a338-a034381c9723,True,False,False
TCGA-12-0692-01Z-00-DX3.9feb1e97-b622-4977-a3b3-daf594080ed9,True,False,False
TCGA-12-0692-01Z-00-DX2.49e03ed1-2e2f-4c47-8c17-6e8826ecdb65,True,False,False
TCGA-12-0692-01Z-00-DX1.f01c48e9-333d-4ca8-8b36-e2749b629aea,True,False,False
TCGA-12-0692-01Z-00-DX5.15cf8c37-6ecd-4926-8e2d-473be7b1a16c,True,False,False
TCGA-12-0707-01Z-00-DX1.96127c4a-82dd-4c27-9697-4d3b66bb29cb,True,False,False
TCGA-12-0707-01Z-00-DX2.4fc2ee06-8f7f-4463-ad5e-be0ea4605358,True,False,False
TCGA-12-0707-01Z-00-DX5.72af8ec5-7d2d-45a4-a40c-cdbe9ae72100,True,False,False
TCGA-12-0707-01Z-00-DX3.f7944647-0396-4ae2-a353-2175df5ad427,True,False,False
TCGA-12-0707-01Z-00-DX4.4371711c-c65a-4a3f-b054-3566f4050b97,True,False,False
TCGA-12-0773-01Z-00-DX3.97970cf6-acd1-4f5a-abd6-92194f2f0055,True,False,False
TCGA-12-0773-01Z-00-DX6.dcbe26b4-f239-4ae8-982f-49f4e53de6a2,True,False,False
TCGA-12-0773-01Z-00-DX5.1ca2e976-664b-48d5-8aed-9dcc77be1434,True,False,False
TCGA-12-0773-01Z-00-DX1.67754c60-0f9b-47e0-8188-440d84ced343,True,False,False
TCGA-12-0773-01Z-00-DX2.d9489f48-bc7a-41a4-9dd8-b12e3a0748d0,True,False,False
TCGA-12-0775-01Z-00-DX1.39db447e-3a48-4001-89c4-4925a2d059aa,True,False,False
TCGA-12-0775-01Z-00-DX2.cc33eab4-0b03-466f-ac91-a8fc77d2c598,True,False,False
TCGA-12-0775-01Z-00-DX4.ed8edc90-7512-4216-9dbc-ee16f0f77cd0,True,False,False
TCGA-12-0775-01Z-00-DX3.adf71bba-1638-4dc0-a0f2-e7b26fb63d25,True,False,False
TCGA-12-0778-01Z-00-DX2.a489ed1e-20b7-4dc5-9263-343cbfcbc1b7,True,False,False
TCGA-12-0778-01Z-00-DX3.477f7607-7e8f-4209-aeec-7ce298a2a790,True,False,False
TCGA-12-0778-01Z-00-DX1.7050afff-2c1b-4647-91e1-98d3be5f26f1,True,False,False
TCGA-12-0778-01Z-00-DX5.c06f9e45-8e82-4689-a605-9459213856c7,True,False,False
TCGA-12-0778-01Z-00-DX6.d3830570-2bbe-4e9a-a57f-857f6b896b12,True,False,False
TCGA-12-0778-01Z-00-DX4.0b72da45-4d5d-447f-8c6c-a5fd8d163e99,True,False,False
TCGA-12-0819-01Z-00-DX2.CA37F7BE-86D9-421F-B5A5-87E2BDDF7AAB,True,False,False
TCGA-12-0819-01Z-00-DX1.8F874ED5-34B2-4E42-BBA5-329FB2DED709,True,False,False
TCGA-12-0819-01Z-00-DX3.F5692549-B432-435C-A200-6622BF084F56,True,False,False
TCGA-12-0821-01Z-00-DX2.E0F30115-B141-451C-84F1-64839ED91D24,True,False,False
TCGA-12-0822-01Z-00-DX3.2AB8F5AD-CAD0-4680-B537-AC7A8F05A83E,True,False,False
TCGA-12-0822-01Z-00-DX4.930BEE6E-3E78-4C10-B63F-D97AA6731A12,True,False,False
TCGA-12-0826-01Z-00-DX2.EBD12563-948E-4983-8F96-FE56B8358EE2,True,False,False
TCGA-12-0826-01Z-00-DX3.54FBC2BF-EC32-4062-B4CD-367A1C559EAD,True,False,False
TCGA-12-0828-01Z-00-DX2.E884D44B-E63F-47B3-BC43-F48A036EF99F,True,False,False
TCGA-12-0828-01Z-00-DX1.05F4B5F3-F4A1-4763-A1AB-7082AB06D37D,True,False,False
TCGA-12-0829-01Z-00-DX2.16FEE63B-65F2-4B6A-821D-488522B7826E,True,False,False
TCGA-12-1088-01Z-00-DX3.ABBFA65F-C940-4F9F-8F43-06CD25A64176,True,False,False
TCGA-12-1088-01Z-00-DX2.19EEA1B3-B380-48AE-949C-DB31E1D3055F,True,False,False
TCGA-12-1088-01Z-00-DX1.0935BD29-1307-4CBB-8CCA-99127296F821,True,False,False
TCGA-12-1089-01Z-00-DX3.84A809E9-88B5-4E13-A577-563AA7E11F2D,True,False,False
TCGA-12-1089-01Z-00-DX1.E68DFC4E-748F-41E3-BC77-361421A74517,True,False,False
TCGA-12-1093-01Z-00-DX2.620A2F8E-637C-4813-8088-C1EB231A0E64,True,False,False
TCGA-12-1093-01Z-00-DX1.4B92D07E-EC99-43DD-B144-4349BB6C48C8,True,False,False
TCGA-12-1598-01Z-00-DX4.0B636310-8406-4776-B893-27B4CECB33F5,True,False,False
TCGA-12-1598-01Z-00-DX3.30FE66CA-5E4A-42AF-8BF2-3FD789678EAC,True,False,False
TCGA-12-1598-01Z-00-DX2.2A4CDADD-272F-4C1A-82D4-E8EE0DB742A9,True,False,False
TCGA-12-1598-01Z-00-DX1.B827CBBB-7FC1-45DC-AC32-BC57009745C7,True,False,False
TCGA-12-1599-01Z-00-DX3.8833F97C-5897-41E4-8FE3-A98C16BB1C0C,True,False,False
TCGA-12-1599-01Z-00-DX1.9EC541A8-03C6-43A9-877A-942F90810302,True,False,False
TCGA-12-1599-01Z-00-DX2.1DA64E85-0826-4143-AD26-A98E06851B87,True,False,False
TCGA-12-1600-01Z-00-DX1.3B8D681B-0DF9-447D-AD30-B8BA5ACE264C,True,False,False
TCGA-12-1602-01Z-00-DX2.35505B4C-3613-4536-9B8D-36283BDD9E9C,True,False,False
TCGA-12-1602-01Z-00-DX3.81B9C612-4CFF-46B0-A49C-2061EC9D9076,True,False,False
TCGA-12-1602-01Z-00-DX4.101D2311-011B-4362-89C6-D8F0F0C28065,True,False,False
TCGA-12-3644-01Z-00-DX1.2FCEC3DA-D09A-42BE-AAA1-35EC272B0895,True,False,False
TCGA-12-3646-01Z-00-DX1.31628F37-ED94-452B-9667-B6AA8158CA47,True,False,False
TCGA-12-3648-01Z-00-DX1.BB8213F9-1553-45D3-9F5C-DE8519B0F0CD,True,False,False
TCGA-12-3648-01Z-00-DX2.81CB183D-4474-488B-8964-927C4A656C42,True,False,False
TCGA-12-3648-01Z-00-DX3.9172F115-4C1C-44CD-813F-492A9C08E88E,True,False,False
TCGA-12-3649-01Z-00-DX3.23C7DD3E-4B58-42A7-A0AD-B7F2B004C733,True,False,False
TCGA-12-3649-01Z-00-DX1.8AD22447-2D97-43BE-BDF1-40F51180508A,True,False,False
TCGA-12-3649-01Z-00-DX2.19366BF0-743A-46BA-BE74-07DC752E0779,True,False,False
TCGA-12-3650-01Z-00-DX1.3FC24EDA-D166-4868-99BA-B4A71924E409,True,False,False
TCGA-12-3651-01Z-00-DX2.AF4FB861-2529-4C10-ABF5-6BB6329AD091,True,False,False
TCGA-12-3651-01Z-00-DX3.46281DC8-8E79-49FA-BA05-91569C19AF15,True,False,False
TCGA-12-3651-01Z-00-DX1.D6E342B8-0091-4543-B091-C894A64C04B1,True,False,False
TCGA-12-3651-01Z-00-DX4.CCABF491-326A-42B1-B106-605205FF3849,True,False,False
TCGA-12-3652-01Z-00-DX4.353A9D45-955F-4DEA-A4C0-0A7A29B1F8E1,True,False,False
TCGA-12-3652-01Z-00-DX3.946EF480-D6C3-4673-85F5-4368A452AB0B,True,False,False
TCGA-12-3652-01Z-00-DX2.B207316E-77EB-4827-96C6-59BEBD2CFD9F,True,False,False
TCGA-12-3653-01Z-00-DX1.B8E0B7A4-84B1-4200-8B82-9A4A6F51F8B5,True,False,False
TCGA-12-3653-01Z-00-DX4.47B8A4CF-3B51-4C0B-944B-E84326CFF973,True,False,False
TCGA-12-3653-01Z-00-DX2.0ABC309A-EE6B-4346-B6F0-59BDB90E922F,True,False,False
TCGA-14-0786-01Z-00-DX2.9dd57cfe-f467-4796-a491-48b737a6248c,True,False,False
TCGA-14-0786-01Z-00-DX1.af5e1f7d-4b04-4b8c-a98d-14361400fe94,True,False,False
TCGA-14-0786-01Z-00-DX3.395dc39e-0e6e-47c3-84e3-7fc7a4a73c9c,True,False,False
TCGA-14-0787-01Z-00-DX2.cae9033c-a793-49d6-ab22-366675ac1568,True,False,False
TCGA-14-0789-01Z-00-DX6.dcee0120-1d46-4ab2-a6a8-1906b2c7f1c3,True,False,False
TCGA-14-0789-01Z-00-DX7.0a15d486-2455-433b-bb96-155834c23b59,True,False,False
TCGA-14-0789-01Z-00-DX2.5e913c82-e017-4cc0-bbad-a447b7b1757e,True,False,False
TCGA-14-0789-01Z-00-DX4.76e3eef7-b6ee-45aa-9ada-24e48da42be4,True,False,False
TCGA-14-0813-01Z-00-DX1.e61a79e4-80bb-49b7-b089-278eb5eabc2d,True,False,False
TCGA-14-0813-01Z-00-DX3.1d6ed1db-6096-4f2d-a613-41aa8b172e89,True,False,False
TCGA-14-0817-01Z-00-DX1.e9d56141-af70-4a31-9b08-5fca4d541e25,True,False,False
TCGA-14-0817-01Z-00-DX2.dfc6136c-77e9-45c2-87f1-5b340229a128,True,False,False
TCGA-14-0867-01Z-00-DX2.f2d7d9bd-85d4-47f0-a14f-923ea14626fb,True,False,False
TCGA-14-0867-01Z-00-DX3.fa65c92f-2b67-4932-a468-3aab1d0fc6d3,True,False,False
TCGA-14-0871-01Z-00-DX3.e14ebe53-ddeb-41f1-9ff3-b7a635f7e745,True,False,False
TCGA-14-0871-01Z-00-DX2.90dac59c-0008-4105-80de-48b701eff68f,True,False,False
TCGA-14-0871-01Z-00-DX1.2832fa80-2d82-4304-9a04-cac90ce6487c,True,False,False
TCGA-14-1034-01Z-00-DX2.08f09fde-3f37-4262-8880-9d924a89501a,True,False,False
TCGA-14-1034-01Z-00-DX3.e0e02544-ae8a-476f-b380-dace7a3c6f2a,True,False,False
TCGA-14-1034-01Z-00-DX1.3f594769-d805-4ecf-ab88-458c7d712299,True,False,False
TCGA-14-1037-01Z-00-DX2.719144c7-139e-43c6-91d1-131b1876a4f5,True,False,False
TCGA-14-1037-01Z-00-DX1.4a7c2db6-d389-4194-ac24-8a739c68c7f3,True,False,False
TCGA-14-1396-01Z-00-DX1.ce29c5a9-6823-41be-9d07-f482a4539dad,True,False,False
TCGA-14-1451-01Z-00-DX5.1b7e4d47-115e-4761-a641-5820fd92582e,True,False,False
TCGA-14-1451-01Z-00-DX4.055c27bd-a195-4c6e-8c2e-962bc0da5676,True,False,False
TCGA-14-1451-01Z-00-DX3.f9b91681-4b4c-4cce-bf80-3e4b5dbc8451,True,False,False
TCGA-14-1451-01Z-00-DX7.7ddf944d-c184-4374-b3b1-60efbb6b6645,True,False,False
TCGA-14-1451-01Z-00-DX6.5c217432-c84e-4c99-b5d6-c9e330490063,True,False,False
TCGA-14-1453-01Z-00-DX4.023ea4a4-364c-4785-af1c-16e580cda290,True,False,False
TCGA-14-1453-01Z-00-DX1.214c0e86-4eaa-495e-ab57-4507ac1db596,True,False,False
TCGA-14-1453-01Z-00-DX2.e761a338-0856-48ba-bdd8-dd9f59a47d5b,True,False,False
TCGA-14-1794-01Z-00-DX2.3e13a3c1-8a7c-4b0a-8a6b-af1683a67be9,True,False,False
TCGA-14-1794-01Z-00-DX1.90a1497f-3308-4c70-afc9-4fbfd6e378e5,True,False,False
TCGA-14-1795-01Z-00-DX5.58c9a128-c07e-4e4c-bb1a-3da364bce45b,True,False,False
TCGA-14-1795-01Z-00-DX7.48dbcbc9-52b6-4325-9c2f-55452f0a9065,True,False,False
TCGA-14-1795-01Z-00-DX4.959a2462-9bd6-431c-b12e-e50e57043c7b,True,False,False
TCGA-14-1795-01Z-00-DX1.ef38b022-4f63-4ec2-a26b-3900d6bc73fc,True,False,False
TCGA-14-1795-01Z-00-DX3.5311d61e-195e-4f91-be73-7bbb2745a519,True,False,False
TCGA-14-1795-01Z-00-DX6.9e3232ce-11f2-4851-92ff-7386d5065b4d,True,False,False
TCGA-14-1823-01Z-00-DX3.082bdc85-6d24-43e6-9772-d25601f13e4a,True,False,False
TCGA-14-1823-01Z-00-DX1.129ce4ca-bc8b-4e9c-8647-166610f9e42f,True,False,False
TCGA-14-1823-01Z-00-DX2.ad28794f-a4b0-4b2f-9707-df5db6564697,True,False,False
TCGA-14-1823-01Z-00-DX4.2c0b643d-e181-40f7-a6b2-cab517151f85,True,False,False
TCGA-14-1825-01Z-00-DX1.f09203b7-73b2-4600-a92e-b097508b86ba,True,False,False
TCGA-14-1825-01Z-00-DX2.14bb8a54-f8ac-45bc-95aa-cfed2c2a55a6,True,False,False
TCGA-14-1825-01Z-00-DX3.a3bdaf02-431f-4a5b-a839-fae1bda3dd3b,True,False,False
TCGA-14-1825-01Z-00-DX4.b85367d0-ea6d-496e-8ef7-d6ce24ccf0cb,True,False,False
TCGA-14-1827-01Z-00-DX2.5c7ae9e9-c8e2-405e-8837-30b60045da70,True,False,False
TCGA-14-1827-01Z-00-DX1.46ab4842-db0c-4ed6-aa2d-c70283aec1af,True,False,False
TCGA-14-1829-01Z-00-DX5.915b6879-d64b-4c47-a67f-8aad4a006ffa,True,False,False
TCGA-14-1829-01Z-00-DX8.1345a705-eac9-42c0-9bff-d5730dd4383f,True,False,False
TCGA-14-1829-01Z-00-DX4.45034413-612f-49b8-9ec1-251e9b18bab1,True,False,False
TCGA-14-1829-01Z-00-DX2.2c324a98-97a7-4c0e-ab48-f28d3a83170f,True,False,False
TCGA-14-1829-01Z-00-DX1.0cdf6765-4947-4635-9b87-987b70a66562,True,False,False
TCGA-14-1829-01Z-00-DX7.7cd4194a-15b5-4d94-a564-d35655c3e34f,True,False,False
TCGA-14-1829-01Z-00-DX6.b1abc69f-9d09-4d7c-8814-dc14a4d7fe0b,True,False,False
TCGA-15-0742-01Z-00-DX1.5a21713f-a918-46ad-b09d-5cfd010384f8,True,False,False
TCGA-15-0742-01Z-00-DX2.9887D468-E71E-4A1D-AC13-EED57D2BD20A,True,False,False
TCGA-15-1446-01Z-00-DX2.2BBD436C-A472-4B8F-8C15-F5692B05E30B,True,False,False
TCGA-15-1446-01Z-00-DX1.24894196-502d-4fc4-a1dc-2a3dc1fcbfba,True,False,False
TCGA-19-1386-01Z-00-DX1.07c678e9-131c-4548-a70f-bcff22967210,True,False,False
TCGA-19-2623-01Z-00-DX1.303097dd-33f1-4f95-990f-306ca2474b00,True,False,False
TCGA-19-5950-01Z-00-DX1.4ee3aa4f-8cd7-4acd-b6e3-2829adf8da7a,True,False,False
TCGA-19-5951-01Z-00-DX1.a0b16abe-6c89-4fc1-95c5-56757360896b,True,False,False
TCGA-19-5952-01Z-00-DX1.286b1d55-5634-4a8a-a8f1-08bbfc861dbd,True,False,False
TCGA-19-5953-01Z-00-DX1.c069ba1e-7819-4e22-b1cd-c431b93b1eb8,True,False,False
TCGA-19-5954-01Z-00-DX1.b2e11be4-3f71-4d05-9405-c41dee3fc5b5,True,False,False
TCGA-19-5955-01Z-00-DX1.ef448923-881d-47cd-89fd-261f0a1c7f49,True,False,False
TCGA-19-5958-01Z-00-DX1.1eab6caf-602c-4000-9683-c44a925ec0a5,True,False,False
TCGA-19-5959-01Z-00-DX1.86907dc7-c0ce-48e6-b67c-a3134f8b4aa2,True,False,False
TCGA-19-5960-01Z-00-DX1.3376dcf2-9873-445e-83a9-95c5b208efc7,True,False,False
TCGA-19-A60I-01Z-00-DX3.B8805D4C-34B8-4DA2-92F2-E10622A41985,True,False,False
TCGA-19-A60I-01Z-00-DX1.3893212E-986C-449D-B0EC-C90D2DD907E2,True,False,False
TCGA-19-A60I-01Z-00-DX2.97CE9B76-600C-4C46-BFEC-E94E013A4BC1,True,False,False
TCGA-19-A60I-01Z-00-DX5.05096091-8734-43DC-A096-51D5DC818831,True,False,False
TCGA-19-A60I-01Z-00-DX6.B8858C6F-BE89-4009-9CCD-57426ABF99FB,True,False,False
TCGA-19-A6J4-01Z-00-DX1.515A82A7-8BCE-4BAE-B052-9D5B114EF51A,True,False,False
TCGA-26-1439-01Z-00-DX1.40B8D763-FE89-43D7-BFBF-8CA3FAC05A5B,True,False,False
TCGA-26-1799-01Z-00-DX1.630B7217-0B01-4CDD-8ABF-0EC4CF293476,True,False,False
TCGA-26-5132-01Z-00-DX1.390D6188-C9C6-4DD2-8CCE-A43444F28EE5,True,False,False
TCGA-26-5135-01Z-00-DX1.928F0E13-33FE-4669-9DCE-A53654D99764,True,False,False
TCGA-26-5136-01Z-00-DX1.ECD48B1B-C2BF-4DFE-8ED4-87353E00ED84,True,False,False
TCGA-26-5139-01Z-00-DX1.0113F34B-C27D-4793-8790-CE3EEB193DF9,True,False,False
TCGA-26-6174-01Z-00-DX1.D5C87A05-8A2E-4108-99DA-1B8425D99C42,True,False,False
TCGA-26-A7UX-01Z-00-DX1.C84437DC-E699-41A2-8D4F-722389C3D8ED,True,False,False
TCGA-27-1830-01Z-00-DX3.def849be-436e-4c2f-b269-10c3701b731b,True,False,False
TCGA-27-1830-01Z-00-DX2.f46f040d-d9a7-4c6c-a74d-368882a01d8a,True,False,False
TCGA-27-1830-01Z-00-DX1.4d3a6a94-8e40-497b-99e5-85b8aad0fefb,True,False,False
TCGA-27-1831-01Z-00-DX3.0c03cc2a-c926-4c67-9d95-d410b096c898,True,False,False
TCGA-27-1831-01Z-00-DX1.81054173-8861-43fd-ba8a-54e58d7ac0f2,True,False,False
TCGA-27-1831-01Z-00-DX2.61dd7df5-bebc-4625-a7b3-160590b26ffd,True,False,False
TCGA-27-1831-01Z-00-DX4.b8a6fef5-9ba3-40b4-b32a-31485dbaa153,True,False,False
TCGA-27-1832-01Z-00-DX3.1130e0c6-dbb2-47bb-8769-85ac68bf0c87,True,False,False
TCGA-27-1832-01Z-00-DX4.1a58f6c2-59b8-47de-97aa-e5fdd42748de,True,False,False
TCGA-27-1833-01Z-00-DX3.64bd5696-54c4-4ef1-84e4-959f82215edf,True,False,False
TCGA-27-1833-01Z-00-DX2.152a5b4b-2a73-49f2-af6f-84bf292241a3,True,False,False
TCGA-27-1833-01Z-00-DX4.400b06f2-094c-4371-ab67-3dabb0764c3e,True,False,False
TCGA-27-1833-01Z-00-DX1.1f6bd333-6e85-41b0-a5b1-9e5e8b992e3d,True,False,False
TCGA-27-1834-01Z-00-DX2.4aeb58ba-a307-489a-a505-02afa4e07a83,True,False,False
TCGA-27-1834-01Z-00-DX1.6a999465-48e8-4dff-8ef2-1c31bd33ce27,True,False,False
TCGA-27-1835-01Z-00-DX2.213a0703-64a3-4feb-b9c2-03f3a3b4cab6,True,False,False
TCGA-27-1836-01Z-00-DX4.e54cb874-8c4b-4f64-89b1-af6891cc6d83,True,False,False
TCGA-27-1836-01Z-00-DX3.70ad0337-b205-4bd7-8a42-e8bb93bb589f,True,False,False
TCGA-27-1836-01Z-00-DX2.85cffd50-6080-4254-ae41-c1c74391a6a8,True,False,False
TCGA-27-1836-01Z-00-DX1.05a02f0b-4261-44d2-ad56-63265bb3cd70,True,False,False
TCGA-27-1837-01Z-00-DX1.27b8fc01-d46e-459e-b4b9-6b80bf7dc6a9,True,False,False
TCGA-27-1838-01Z-00-DX1.3ada1ada-fb14-4761-84f9-66a339e86e73,True,False,False
TCGA-27-2519-01Z-00-DX1.C630FE42-2691-4735-83EB-6F78AAA407B3,True,False,False
TCGA-27-2523-01Z-00-DX1.5DD91AEC-7050-4DDC-8B59-57006E7B9006,True,False,False
TCGA-27-2526-01Z-00-DX1.92886024-EADC-46F8-8999-6D80664AC232,True,False,False
TCGA-27-2527-01Z-00-DX1.96AA7382-AB8F-411E-BEED-0D00C12ACEA1,True,False,False
TCGA-28-1746-01Z-00-DX1.06f187d2-b5e8-4b37-bb23-a707d0059944,True,False,False
TCGA-28-1749-01Z-00-DX1.08010572-bf70-45ae-b804-4c0e5b03ee6f,True,False,False
TCGA-28-1751-01Z-00-DX1.9be1807e-2cd5-469d-a4ab-6730aa26fc95,True,False,False
TCGA-28-1752-01Z-00-DX1.e24f30ab-133e-4a77-9df7-c136beea14a2,True,False,False
TCGA-RR-A6KB-01Z-00-DX1.90E22C0F-CA68-4EEB-BB13-2DD67C895A94,True,False,False
TCGA-S9-A6U0-01Z-00-DX1.43BCB230-1388-424F-A218-F0F222691102,True,False,False
TCGA-S9-A6WM-01Z-00-DX1.5D18F7F7-C5C8-465B-8B7D-FAC68C43C6F5,True,False,False
TCGA-S9-A89V-01Z-00-DX1.63E6101E-4FBC-4843-BFFD-343C3F111844,True,False,False
TCGA-TM-A7C3-01Z-00-DX1.8599EB66-7116-4CFA-A08D-9929AB55EA31,True,False,False
TCGA-TM-A84B-01Z-00-DX1.8736E13D-D47F-462E-BD06-61767245C2F5,True,False,False
TCGA-TM-A84C-01Z-00-DX1.07057BBD-79E9-4621-BCAB-8B8DC5BF44A6,True,False,False
TCGA-TM-A84J-01Z-00-DX2.09328846-237C-4129-B214-311617D4AD93,True,False,False
TCGA-TM-A84J-01Z-00-DX1.35ED7469-4A53-4432-945F-69D714D7607F,True,False,False
TCGA-VM-A8C9-01Z-00-DX1.C6DD4520-C460-419A-9DB3-DF34D128CA08,True,False,False
TCGA-VM-A8C9-01Z-00-DX9.DEF6A890-B06E-42BC-A653-A6BF5E324B8D,True,False,False
TCGA-VM-A8C9-01Z-00-DX7.95A9AD6B-1293-485E-8A82-7A1939C7B9D4,True,False,False
TCGA-VM-A8C9-01Z-00-DX6.4F9BEB00-9BC5-459F-A702-C72583A226ED,True,False,False
TCGA-VM-A8C9-01Z-00-DX3.E0BF1E61-5F3C-4E15-8A6A-3E1A351FC0A7,True,False,False
TCGA-VM-A8C9-01Z-00-DX2.D95CDDEA-8A6D-41D4-B12A-17811CF91CE3,True,False,False
TCGA-VM-A8CD-01Z-00-DX4.504C4EEF-6491-4A03-9A81-03259714F5BB,True,False,False
TCGA-VM-A8CD-01Z-00-DX1.F33FFB83-3DC7-4543-A496-1EC738188DE0,True,False,False
TCGA-VM-A8CD-01Z-00-DX3.E93E4734-17DD-40F9-AE98-3E2146E6F9F8,True,False,False
TCGA-VM-A8CD-01Z-00-DX9.389ED5EC-ECA4-4C4C-ADF8-2458338C807B,True,False,False
TCGA-VM-A8CD-01Z-00-DX5.E980653F-1D60-41E6-B0D1-FD95B4EE5643,True,False,False
TCGA-VM-A8CD-01Z-00-DX2.355165A0-D1C3-4345-B151-B94591102389,True,False,False
TCGA-02-0010-01Z-00-DX3.33a67e8f-8bb6-498a-8c39-88b893c80b9e,True,False,False
TCGA-02-0014-01Z-00-DX1.b7fd5196-fc51-4dc7-aa6d-e74e1e9ee71d,True,False,False
TCGA-02-0026-01Z-00-DX2.ff8b5c7e-b5ec-43e5-b078-54ab86737f6f,True,False,False
TCGA-02-0026-01Z-00-DX1.d8f3085f-e418-47da-86bc-20db44ac6efd,True,False,False
TCGA-02-0058-01Z-00-DX1.6A05C2EB-C782-4F55-A12D-0339747E9BD3,True,False,False
TCGA-06-0128-01Z-00-DX2.69815e48-000e-42cc-9ae0-f442100242a5,True,False,False
TCGA-06-0128-01Z-00-DX1.daacb161-d72f-4f75-843b-596f0a7fbec7,True,False,False
TCGA-06-0128-01Z-00-DX4.91ce4e5d-c790-4175-a1c7-be965ae1df40,True,False,False
TCGA-06-0128-01Z-00-DX5.7186276e-c7fc-4003-ae02-f2358ea8dcba,True,False,False
TCGA-06-0128-01Z-00-DX3.37955b76-3fbf-41c5-ba53-4444b5f8443e,True,False,False
TCGA-06-0129-01Z-00-DX2.1ea78b46-1dc7-44d8-81bf-7717072d2f15,True,False,False
TCGA-06-0129-01Z-00-DX1.b7bddf7d-f39e-45e7-a78d-319d3a4d2dae,True,False,False
TCGA-06-0178-01Z-00-DX7.7b7bc1d8-99b2-4895-b9b7-a425443b9a28,True,False,False
TCGA-06-0178-01Z-00-DX3.5af7f552-ac16-45a0-a894-8fb99e46ad87,True,False,False
TCGA-06-0178-01Z-00-DX4.16c7b728-c6ba-496f-8dc8-4f5bb4a38e56,True,False,False
TCGA-06-0178-01Z-00-DX6.eba88ad1-41fa-4e77-b4d7-afd5299cbe44,True,False,False
TCGA-06-0178-01Z-00-DX1.6102d1a4-610b-4c5e-abc8-17dce6b84911,True,False,False
TCGA-06-0221-01Z-00-DX6.fb20aa5d-8011-481c-a7b6-44d0575f9e2e,True,False,False
TCGA-06-0221-01Z-00-DX5.af8d73e4-58f1-4fb7-80dd-3d1e3a769874,True,False,False
TCGA-06-0221-01Z-00-DX3.588e9caf-660f-4f6a-be47-84e92f5a3e77,True,False,False
TCGA-06-0221-01Z-00-DX1.bc444e2a-9530-453a-b494-ec31ee5db9c1,True,False,False
TCGA-06-0221-01Z-00-DX2.a6568186-9532-43de-b575-be4c245b136f,True,False,False
TCGA-06-1805-01Z-00-DX2.f917dda2-ae7d-403f-be46-b753059f8aaa,True,False,False
TCGA-06-6389-01Z-00-DX1.ca78be78-49a5-4b56-9482-16ec5350bb40,True,False,False
TCGA-12-0818-01Z-00-DX2.B4D2796F-6303-439B-BB61-06F2F81CE6C0,True,False,False
TCGA-12-0818-01Z-00-DX3.39FEFDC4-75BA-4BE2-80B4-E37BA147020D,True,False,False
TCGA-12-0818-01Z-00-DX1.EA8E6672-9056-411A-B003-D1638F1CB891,True,False,False
TCGA-12-0818-01Z-00-DX5.D95A36D4-8F46-4CFC-8645-71F05F87182A,True,False,False
TCGA-12-0827-01Z-00-DX3.CC3B9B34-4BD8-4C93-ACC8-29BC2D3D93E0,True,False,False
TCGA-12-0827-01Z-00-DX2.85A76752-6E43-4FD2-A40C-7285CC3FC58D,True,False,False
TCGA-14-1458-01Z-00-DX5.e2cebf01-8e38-4e60-b3b1-acb100f23ac8,True,False,False
TCGA-14-1458-01Z-00-DX3.2cd0e033-ffb3-4a08-aa8b-571aa8d3b764,True,False,False
TCGA-14-1458-01Z-00-DX4.c04960ec-9804-4665-8f3b-dc170d15429c,True,False,False
TCGA-14-1458-01Z-00-DX1.35dbc89f-a754-4eac-ad20-40bc44c8fd09,True,False,False
TCGA-14-1821-01Z-00-DX2.7c41e66e-2fb1-4a80-9c92-5ca34955f38c,True,False,False
TCGA-14-1821-01Z-00-DX1.eef79762-89fb-47f5-9f43-1e6a906e5745,True,False,False
TCGA-14-1821-01Z-00-DX3.48d826df-c9d8-4d7c-8236-c687886471b4,True,False,False
TCGA-15-1444-01Z-00-DX2.76CD1F22-4894-4390-ADCC-BC88CB42FD96,True,False,False
TCGA-15-1444-01Z-00-DX1.FF2FF962-40EA-4122-B33A-5BF4ED007761,True,False,False
TCGA-19-2629-01Z-00-DX1.90082b7f-f716-402f-9213-bbf3d7b74298,True,False,False
TCGA-19-A6J5-01Z-00-DX5.2E64593D-D277-44C5-9914-E632F53C1710,True,False,False
TCGA-19-A6J5-01Z-00-DX4.D9D061F9-C4AD-45CB-B065-E6421E40C911,True,False,False
TCGA-19-A6J5-01Z-00-DX1.2667B32C-FDF4-4197-BD32-56D6124BD01C,True,False,False
TCGA-26-1442-01Z-00-DX1.FD8D4EB7-AD5E-49E8-BD0B-6CDDEA8DDB35,True,False,False
TCGA-27-2521-01Z-00-DX1.31BCEBD8-3A69-4560-8077-40AF5BA0B955,True,False,False
TCGA-RY-A83X-01Z-00-DX1.1DA8284F-B532-478B-B7BC-C578BE36E2CA,True,False,False
TCGA-RY-A83Y-01Z-00-DX1.BB00A072-43F7-44B4-8E52-ECFE7C1C263A,True,False,False
TCGA-RY-A83Z-01Z-00-DX1.38167693-2E5A-4179-AA91-8EDA1BA43FB0,True,False,False
TCGA-RY-A840-01Z-00-DX1.E4D70B62-E2F7-411D-A9A8-DD78C20DF6B8,True,False,False
TCGA-RY-A843-01Z-00-DX1.CB0CAD7E-B970-419A-902D-2F97660D2372,True,False,False
TCGA-RY-A845-01Z-00-DX1.224F7848-0356-4EC3-BADF-F64E6EDA9A05,True,False,False
TCGA-S9-A6TS-01Z-00-DX1.A10361F8-6208-44EE-9B2E-8513EBA31ED3,True,False,False
TCGA-S9-A6TU-01Z-00-DX1.58000391-215E-4740-AD40-1489B348922B,True,False,False
TCGA-S9-A6TW-01Z-00-DX1.A217F3C6-1408-490D-B4C2-4258244755A6,True,False,False
TCGA-S9-A6TX-01Z-00-DX1.014EF743-329E-441F-8FB3-46DB2F2D23F1,True,False,False
TCGA-S9-A6TY-01Z-00-DX1.C4A9E841-C3F4-4752-93E8-6478B7B88E60,True,False,False
TCGA-S9-A6TZ-01Z-00-DX1.5D0335F4-DB48-4428-800F-2B27E431BAA8,True,False,False
TCGA-S9-A6U1-01Z-00-DX1.1F328064-7637-4194-836B-6D6F2221AB8B,True,False,False
TCGA-S9-A6U5-01Z-00-DX1.BC695617-5AF4-4D43-91D9-1BC5A9DBB8DA,True,False,False
TCGA-S9-A6U8-01Z-00-DX1.5C7C8D4D-32E5-46B8-8223-E3FF487290DC,True,False,False
TCGA-S9-A6U9-01Z-00-DX1.320C7173-3FAF-4661-8C0D-2C7B46BF17D9,True,False,False
TCGA-S9-A6UB-01Z-00-DX1.5F32F6A9-6030-449C-B049-B377B6ACE470,True,False,False
TCGA-S9-A6WE-01Z-00-DX1.F4D6E41C-5B13-498E-853A-902D41DF804C,True,False,False
TCGA-S9-A6WH-01Z-00-DX1.DDBE3C83-36D7-4969-BFFE-7FAA8014633B,True,False,False
TCGA-S9-A6WI-01Z-00-DX1.D3D90B50-C15D-4EB0-B721-AD655EA6F97A,True,False,False
TCGA-S9-A6WL-01Z-00-DX1.2AB33E11-47B6-4382-8EE3-181D97C2241E,True,False,False
TCGA-S9-A6WN-01Z-00-DX1.FEEA7335-8225-4DA8-9AE1-3DA1B6EFCAE5,True,False,False
TCGA-S9-A6WO-01Z-00-DX1.7B2357DB-9EF4-4122-9A7E-F6F509A0A67C,True,False,False
TCGA-S9-A6WP-01Z-00-DX1.C3E303DF-A88E-4A62-8958-BDE01A384D99,True,False,False
TCGA-S9-A6WQ-01Z-00-DX1.F3EDD859-8FEF-48B4-BFEA-36BCCE34F030,True,False,False
TCGA-S9-A7IQ-01Z-00-DX1.3B4A20BF-6303-475D-BE85-014922FA02DA,True,False,False
TCGA-S9-A7IS-01Z-00-DX1.193F4631-20AE-4001-93B0-4020821F524C,True,False,False
TCGA-S9-A7IZ-01Z-00-DX1.248328B8-5081-41B1-8674-2FF83C99640F,True,False,False
TCGA-S9-A7J1-01Z-00-DX1.E6934DF9-A2DF-4454-B927-CD481786EB3A,True,False,False
TCGA-S9-A7J2-01Z-00-DX1.5BDB6D1B-F50E-42A7-9CB2-618F91DF6977,True,False,False
TCGA-S9-A7QW-01Z-00-DX1.C07FEA9E-6FED-46C9-9133-11A18A877832,True,False,False
TCGA-S9-A7QX-01Z-00-DX1.8BF2EF3C-45E5-4242-9A72-9A915396B934,True,False,False
TCGA-S9-A7QY-01Z-00-DX1.C50B9D19-0959-486F-BAC1-09B563F16D54,True,False,False
TCGA-S9-A7QZ-01Z-00-DX1.8639F7A6-105E-475B-8836-644EFF95690D,True,False,False
TCGA-S9-A7R3-01Z-00-DX1.32E490D2-AAAA-4AB2-8036-AB4B713F03EA,True,False,False
TCGA-S9-A7R4-01Z-00-DX1.562B745A-244A-40BF-9D39-2A00C9A2BC52,True,False,False
TCGA-TM-A7C4-01Z-00-DX1.082C7A0D-CCAA-4D40-B7B5-1CDD1812DF57,True,False,False
TCGA-TM-A7CF-02Z-00-DX1.7EFCCDDE-B065-4367-8C0B-91A3D4E277D5,True,False,False
TCGA-TM-A7CF-01Z-00-DX2.D24F6CA3-562B-4444-A072-DA66C527F1C5,True,False,False
TCGA-TM-A84G-01Z-00-DX1.97254527-3332-4DC2-BA8C-BE2DD5696F83,True,False,False
TCGA-TM-A84G-01Z-00-DX2.40776742-AC90-4DA4-A0CE-738AD4F6550F,True,False,False
TCGA-TM-A84H-01Z-00-DX1.C6DA6654-F23A-47CD-A59E-8F89A7B714B0,True,False,False
TCGA-TM-A84H-01Z-00-DX2.3DD9940B-E941-45C4-8C26-0F87E8EF4569,True,False,False
TCGA-TM-A84I-01Z-00-DX1.755573F1-0378-4E95-A755-CD8AB79ABEC1,True,False,False
TCGA-TM-A84L-01Z-00-DX1.411C2D0B-921E-4B0A-95ED-DF9A89AFC76B,True,False,False
TCGA-TM-A84L-01Z-00-DX2.3C138376-4F7E-460C-B9FE-D0EBD323A66B,True,False,False
TCGA-TM-A84M-01Z-00-DX1.40AFB31C-EC85-4BC2-9C63-8DF2022164DF,True,False,False
TCGA-TM-A84O-01Z-00-DX1.C05AE734-FABD-4DA7-9FDA-A54564CDED27,True,False,False
TCGA-TM-A84Q-01Z-00-DX1.692F1A0A-E05E-4C53-8AE0-EF1E1B6297EA,True,False,False
TCGA-TM-A84T-01Z-00-DX1.31D6FC27-464A-41A1-8CB2-5E7B3862EE9C,True,False,False
TCGA-TQ-A7RF-01Z-00-DX1.0243E73B-9B79-46C0-BA92-E8BA46E56036,True,False,False
TCGA-TQ-A7RH-01Z-00-DX1.9B62CBC8-597B-4DDC-8129-37D8977D2171,True,False,False
TCGA-TQ-A7RI-01Z-00-DX1.785D0C67-7621-4C2A-8EE2-393A842963B7,True,False,False
TCGA-TQ-A7RK-01Z-00-DX1.42AF52E1-4F8E-4D39-A2F9-88E7805E9B0A,True,False,False
TCGA-TQ-A7RK-02Z-00-DX1.81EF0869-9C37-45B0-B548-10436269B3FB,True,False,False
TCGA-TQ-A7RM-01Z-00-DX1.007E0B3C-DEC7-4FCA-BB4D-E61EC489EDF4,True,False,False
TCGA-TQ-A7RN-01Z-00-DX1.4593BE9E-C9E1-439F-9640-4E280DFEFB5B,True,False,False
TCGA-TQ-A7RO-01Z-00-DX1.18B7FCA6-3AD0-43A1-B117-A9C8017DD783,True,False,False
TCGA-TQ-A7RR-01Z-00-DX1.45839A23-093F-4BDE-8FF3-642DE69BD656,True,False,False
TCGA-TQ-A7RS-01Z-00-DX1.D03F0DCF-1713-4ACA-AA75-6156995A5193,True,False,False
TCGA-TQ-A7RU-01Z-00-DX1.29C7A86C-6C94-480E-B74C-44ACC2B89A76,True,False,False
TCGA-TQ-A7RV-01Z-00-DX1.709E828D-44C3-43D6-9381-187FC28E93D0,True,False,False
TCGA-TQ-A7RV-02Z-00-DX1.098F3ECC-BAC0-4626-8BFF-577972244ACB,True,False,False
TCGA-TQ-A7RW-01Z-00-DX1.05F422AA-ED7B-4D53-9B32-2B7CEFB85021,True,False,False
TCGA-TQ-A8XE-01Z-00-DX1.106C2DAA-99F8-475A-B383-31824AC4C506,True,False,False
TCGA-TQ-A8XE-02Z-00-DX1.818964A4-457E-4658-AF46-C89629B24EF4,True,False,False
TCGA-VM-A8C8-01Z-00-DX1.119D6F8E-6A1D-4FCA-9C2F-75DB418B880B,True,False,False
TCGA-VM-A8C8-01Z-00-DX4.980FE353-1CBB-4B38-B26C-F96EFCA462B9,True,False,False
TCGA-VM-A8C8-01Z-00-DX2.996E1ECF-24B2-4A35-8D00-02BF3C025FC6,True,False,False
TCGA-VM-A8C8-01Z-00-DX3.505AAA14-DBCC-4554-8A78-E8353B0532CE,True,False,False
TCGA-VM-A8C8-01Z-00-DX5.D23FADC5-5238-499D-9F5C-662A6A226169,True,False,False
TCGA-VM-A8C8-01Z-00-DX7.614E87B3-E2F0-4977-AE49-1EDBB26F879C,True,False,False
TCGA-VM-A8C8-01Z-00-DX9.07AAC35A-A609-479F-843E-1E759A922AFA,True,False,False
TCGA-VM-A8CA-01Z-00-DX9.357E0311-D1A7-4369-A626-383E6F9B3F83,True,False,False
TCGA-VM-A8CA-01Z-00-DX8.CB8BF849-9C5E-4145-ACFA-48DE2F83FB51,True,False,False
TCGA-VM-A8CA-01Z-00-DX4.BC66C522-E26A-47AC-BD7E-79C8BB81C853,True,False,False
TCGA-VM-A8CA-01Z-00-DX1.EE06F0BA-445F-4A77-B86C-819BF2CB3223,True,False,False
TCGA-VM-A8CA-01Z-00-DX5.424C74A2-33EE-4C5B-9D9B-630CC5D59A9F,True,False,False
TCGA-VM-A8CA-01Z-00-DX6.07221643-D7F3-4E38-9A63-C7B3B46E570B,True,False,False
TCGA-VM-A8CA-01Z-00-DX3.DF5FF5C7-CCF8-41BD-9FF5-3D1185E350B8,True,False,False
TCGA-VM-A8CB-01Z-00-DX5.E3E9FD68-DDFE-4AC2-B898-B888E4E127FF,True,False,False
TCGA-VM-A8CB-01Z-00-DX8.824FCA58-A9DE-4E3F-8DBC-B38C85A34375,True,False,False
TCGA-VM-A8CB-01Z-00-DX7.E1F6875A-18A8-4696-AC98-383E476ABE97,True,False,False
TCGA-VM-A8CB-01Z-00-DX2.FF7BED61-5947-4261-8B9F-054B3E997B18,True,False,False
TCGA-VM-A8CB-01Z-00-DX6.E15B7AA1-ACA5-4959-9581-3EDDE6FACCC0,True,False,False
TCGA-VM-A8CE-01Z-00-DX7.016DD6CE-4B9B-45A1-B94C-27C11EBF5575,True,False,False
TCGA-VM-A8CE-01Z-00-DX4.C89ACFB4-EEA1-4104-8765-7712E9B7EE3C,True,False,False
TCGA-VM-A8CE-01Z-00-DX5.4EA336FC-AA5F-4267-91E1-4919F43B88DD,True,False,False
TCGA-VM-A8CE-01Z-00-DX1.E3381301-A47E-4838-B680-9EF799520140,True,False,False
TCGA-VM-A8CE-01Z-00-DX2.87CC9777-EAD4-4BAC-AAFA-0485E04DAB7F,True,False,False
TCGA-VM-A8CE-01Z-00-DX6.E5A828E7-0B84-4EE6-9337-99608E269886,True,False,False
TCGA-VM-A8CE-01Z-00-DX3.EB6DA6B8-B95B-4385-A942-0E258CE453FE,True,False,False
TCGA-VM-A8CF-01Z-00-DX9.704D20F4-2DDD-42FB-8AD6-97C2BCA68C83,True,False,False
TCGA-VM-A8CF-01Z-00-DX3.3CED09BD-4062-4573-A075-84461B82F5B4,True,False,False
TCGA-VM-A8CF-01Z-00-DX7.91F19B77-0929-4068-BFFB-FBA10E4F01DB,True,False,False
TCGA-VM-A8CF-01Z-00-DX1.B02A927B-2E2F-4255-9949-E45813703A7C,True,False,False
TCGA-VM-A8CF-01Z-00-DX4.AF3112EB-D194-48BD-B31F-5138814578A3,True,False,False
TCGA-VM-A8CF-01Z-00-DX8.4E93F16B-3CC3-4094-9EF2-9B74351AAF95,True,False,False
TCGA-VM-A8CF-01Z-00-DX6.DC99FC24-7290-4702-B5DC-45F3780757B6,True,False,False
TCGA-VM-A8CF-01Z-00-DX2.9BB80EF8-5600-4BA5-879D-46B8B6D0776D,True,False,False
TCGA-VM-A8CF-01Z-00-DX5.90CAA7E9-55BA-41D6-A5D1-280E761B17BC,True,False,False
TCGA-VM-A8CH-01Z-00-DX3.B0A4A9A2-14B8-4080-8DF8-B2055EFFFDF8,True,False,False
TCGA-VM-A8CH-01Z-00-DX5.992B2EBF-4B11-441E-97DE-9167BDBF797D,True,False,False
TCGA-VM-A8CH-01Z-00-DX1.5CCB3B5B-AE36-47E0-91F6-0DF95BB43A2D,True,False,False
TCGA-VM-A8CH-01Z-00-DX7.8A5184E2-AEAF-4665-A09C-044D2B21EDD5,True,False,False
TCGA-VM-A8CH-01Z-00-DX6.284D2734-21E1-4C09-9578-6BFE42131D43,True,False,False
TCGA-VM-A8CH-01Z-00-DX4.E0A57F2D-B9E0-4423-8920-8A99CFEC4CE9,True,False,False
TCGA-VV-A829-01Z-00-DX3.5ACEDBA9-4972-4E9B-A5BA-4D0CFA28B8CC,True,False,False
TCGA-VV-A829-01Z-00-DX1.C5464B6B-E673-4AFE-A5A1-7923F2C40450,True,False,False
TCGA-VV-A829-01Z-00-DX2.4E2AB800-C97E-4293-886B-28793FFBAB47,True,False,False
TCGA-VV-A86M-01Z-00-DX1.3D542AC0-4000-40AA-A574-791B8772F956,True,False,False
TCGA-W9-A837-01Z-00-DX1.F0E23873-46D1-460F-AA53-930D7934E687,True,False,False
TCGA-WH-A86K-01Z-00-DX1.6F32811A-D54A-4716-8364-758DC98D9E47,True,False,False
TCGA-WY-A858-01Z-00-DX1.4D36E628-9C20-46D9-8617-C6903A1535A9,True,False,False
TCGA-WY-A85A-01Z-00-DX1.CB302B89-F89A-40FD-A7DE-6E12BEFBA2AE,True,False,False
TCGA-WY-A85B-01Z-00-DX1.1E4B796A-A1E3-45F9-8075-61DE8FBF0B80,True,False,False
TCGA-WY-A85C-01Z-00-DX1.E0A6429A-91B3-4FFE-9FF9-28D956864D24,True,False,False
TCGA-WY-A85D-01Z-00-DX1.FB8C252B-7A88-4B14-B3C9-217E3EA76008,True,False,False
TCGA-WY-A85E-01Z-00-DX1.AA7A4C1F-99AA-490D-B6D4-280EAB1EFF56,True,False,False
TCGA-28-1757-01Z-00-DX1.ef0fd824-d5cb-484e-8296-4064cf183f75,False,True,False
TCGA-12-1602-01Z-00-DX5.699D9FC4-F113-4DC5-8DCB-B00150AA8B98,False,True,False
TCGA-14-0789-01Z-00-DX1.a6b2d058-a096-4604-bd9b-0e1dc4c2de45,False,True,False
TCGA-19-2620-01Z-00-DX1.b52311cf-5861-4653-9d87-bcc3389874ef,False,True,False
TCGA-06-0208-01Z-00-DX4.b377f84e-cc15-428c-8027-df259709bf38,False,True,False
TCGA-12-0688-01Z-00-DX2.4112332a-035a-4680-aead-90930786a726,False,True,False
TCGA-S9-A7R2-01Z-00-DX1.002ED857-5D3F-4053-9F9C-9EB73F2C20F5,False,True,False
TCGA-12-3653-01Z-00-DX3.7A9DE9AC-76BA-4FDF-90BF-D47B2276E195,False,True,False
TCGA-12-0688-01Z-00-DX3.66a4ef84-ac16-49da-82da-a1b8958957f2,False,True,False
TCGA-VM-A8C9-01Z-00-DX4.20D5EE02-3CD2-45C4-AF74-539DC859369B,False,True,False
TCGA-06-0192-01Z-00-DX2.3cf7443b-1e5a-4d18-bb93-8000efe53777,False,True,False
TCGA-14-1829-01Z-00-DX3.a694c100-ecef-41ad-9034-564de2b2a307,False,True,False
TCGA-06-0649-01Z-00-DX1.6319b11e-055a-4ef9-98d7-02dac5f649fe,False,True,False
TCGA-12-0821-01Z-00-DX1.EDD83394-E7FE-4D05-9BBB-8D971DE305F4,False,True,False
TCGA-28-1755-01Z-00-DX1.913db772-e917-4ae0-a2cc-281e63507f57,False,True,False
TCGA-12-0670-01Z-00-DX3.0A69A5A3-8060-4DBE-89F9-A81AAB162725,False,True,False
TCGA-12-0822-01Z-00-DX1.461357D5-1C72-4B8B-A1B5-81C4D31352E4,False,True,False
TCGA-02-0027-01Z-00-DX1.8F83A541-8884-45C8-BE51-04ADE5D8D6F2,False,True,False
TCGA-06-0157-01Z-00-DX3.92209e36-62ba-4296-a166-4d147696bb68,False,True,False
TCGA-12-0656-01Z-00-DX4.e774fe6a-6d77-438f-b9e7-0a51f24223b9,False,True,False
TCGA-06-0173-01Z-00-DX3.e89f5451-2b89-437b-a202-e821bf675eea,False,True,False
TCGA-27-2528-01Z-00-DX1.8160EE21-D3C3-4FFF-8BB6-979235C1F963,False,True,False
TCGA-06-5412-01Z-00-DX1.039632bd-2493-4a78-839c-3734eae662f8,False,True,False
TCGA-06-0139-01Z-00-DX2.75346f8f-b81b-4667-8f71-fd2209686888,False,True,False
TCGA-S9-A7IX-01Z-00-DX1.41EFC469-2139-44A6-AE48-76304EBD3F58,False,True,False
TCGA-12-0657-01Z-00-DX1.99d5aeab-5b40-4832-a245-eaf9632d3a8c,False,True,False
TCGA-06-0171-01Z-00-DX4.e27958fb-cc72-4d23-ba97-1bbf52e061e0,False,True,False
TCGA-28-1750-01Z-00-DX1.b1455f64-6b43-4f2f-8434-d7fb53aadc51,False,True,False
TCGA-06-0154-01Z-00-DX3.3a5e8636-58fa-4fbf-b15d-a674d7195ffd,False,True,False
TCGA-12-0828-01Z-00-DX3.53D916FA-0855-43B5-BE16-EB5029DF2864,False,True,False
TCGA-06-0126-01Z-00-DX1.35fbd316-d2a0-421f-a822-07e52ca87d92,False,True,False
TCGA-02-0007-01Z-00-DX1.a888f75e-6c41-44c3-8eb6-721f992873b8,False,True,False
TCGA-VM-A8CD-01Z-00-DX7.7B78F014-39DE-4CD6-B09C-6081407E5CDB,False,True,False
TCGA-06-0174-01Z-00-DX1.85e41742-7e59-49d8-aaae-20feccaa2f68,False,True,False
TCGA-19-A60I-01Z-00-DX4.A81931DB-A626-451B-A2F8-43C2FB4A1B64,False,True,False
TCGA-VM-A8C9-01Z-00-DX8.BC79D845-2351-4946-9262-C9D4668957BE,False,True,False
TCGA-12-1092-01Z-00-DX2.AEDBBC67-DA91-4872-90D7-8304C8A25D91,False,True,False
TCGA-14-1451-01Z-00-DX2.df362448-224c-49ec-889d-50b3ab7f4f66,False,True,False
TCGA-12-0657-01Z-00-DX4.cd3a505a-c9ba-4f45-9ea0-4cc4b7d07eb3,False,True,False
TCGA-12-0656-01Z-00-DX3.cc07a0fe-d9bc-42c6-913f-876efe3a0b94,False,True,False
TCGA-12-0821-01Z-00-DX3.36A91C47-5A98-430A-BDE2-A70A02E6C837,False,True,False
TCGA-12-1092-01Z-00-DX1.78AA4D76-674D-4DCC-B46A-284FAC277653,False,True,False
TCGA-12-0822-01Z-00-DX5.DAB7AC20-113B-4B0F-8FE9-8581497468C0,False,True,False
TCGA-06-0137-01Z-00-DX8.a5703515-8d5f-4bfd-8f5a-a66581641e3b,False,True,False
TCGA-06-0237-01Z-00-DX1.0705028b-46e9-41b0-8083-c347fb746b96,False,True,False
TCGA-12-3644-01Z-00-DX2.ED74AF5C-8A72-49D6-83E7-21FA4F47CC1E,False,True,False
TCGA-12-1089-01Z-00-DX2.F96B9732-9A81-44D5-9B0D-48C1E061A92A,False,True,False
TCGA-12-0826-01Z-00-DX1.912E2863-3415-4F81-9DC2-C73E010BFBB0,False,True,False
TCGA-08-0392-01Z-00-DX1.BB310D33-3C69-4C1B-BF5C-F0E7E025CF74,False,True,False
TCGA-14-0789-01Z-00-DX3.8a64c7a6-7f8a-4567-a57d-036f610a17ee,False,True,False
TCGA-06-0209-01Z-00-DX7.466111c9-2c18-477b-a699-540983a3c36c,False,True,False
TCGA-02-0024-01Z-00-DX1.d4cec60d-e2b6-41d1-92af-2d24f15b03a9,False,True,False
TCGA-06-0210-01Z-00-DX3.4974dd3d-13bb-4200-ab3d-3dfd1dcffbb9,False,True,False
TCGA-06-0188-01Z-00-DX1.0f407c83-b086-4b9b-815f-a300c8ab8f22,False,True,False
TCGA-06-0209-01Z-00-DX3.61264925-3a41-4400-8724-96261018ecfb,False,True,False
TCGA-27-1832-01Z-00-DX2.ca89e95e-bfec-4d59-9948-fa3698b93f08,False,True,False
TCGA-26-5134-01Z-00-DX1.0498BB2B-7FA9-4DA8-8308-0AE4CBE3F8CB,False,True,False
TCGA-06-0878-01Z-00-DX2.6eb16ff4-4b68-47af-82a5-a04789308d2c,False,True,False
TCGA-06-0157-01Z-00-DX1.0bb9c6aa-3a9c-4d2b-9ce6-9a1cf54882a4,False,True,False
TCGA-06-0197-01Z-00-DX2.3e580bbd-caea-4d70-aa95-974618f337ce,False,True,False
TCGA-19-A6J5-01Z-00-DX3.66B63DB8-E2AE-4328-BFAA-96B737CBFDBC,False,True,False
TCGA-VM-A8CE-01Z-00-DX8.94355113-F8C2-401E-988C-B3112B054186,False,True,False
TCGA-VM-A8CA-01Z-00-DX7.4C172C51-63E5-44DE-978E-DE3BBA23B24E,False,True,False
TCGA-06-0178-01Z-00-DX2.e49e7c16-8370-42ae-977b-f4bd62ad49b6,False,True,False
TCGA-TM-A84F-01Z-00-DX2.A2AB2F72-F232-4B60-97B1-1714C9261EAF,False,True,False
TCGA-12-0818-01Z-00-DX4.26E9E9C7-9C05-471E-A296-05A3DABEE6E1,False,True,False
TCGA-TM-A84S-01Z-00-DX1.5ED4FD31-AE61-4E45-B202-420B37C847D9,False,True,False
TCGA-06-1805-01Z-00-DX1.d67221af-2dac-40fe-bc4a-e30aa3a5fbb9,False,True,False
TCGA-TM-A84F-01Z-00-DX1.F12CDFC4-91D7-422E-83BE-BB987DCCD3AD,False,True,False
TCGA-VM-A8C8-01Z-00-DX6.060E0C36-5EDA-476F-8D1F-2959FE993D3A,False,True,False
TCGA-TQ-A7RN-01Z-00-DX2.60260503-3D8D-4A62-8250-4BF0CA227332,False,True,False
TCGA-VM-A8CH-01Z-00-DX2.DC834C4C-ADA5-436C-80DD-303E45917C35,False,True,False
TCGA-S9-A7R7-01Z-00-DX1.8E4E9C97-1939-4645-A4D6-A17D36B435A9,False,True,False
TCGA-12-0827-01Z-00-DX1.2E975B17-CDAF-4EE0-A51E-B22740A2C1AA,False,True,False
TCGA-02-0010-01Z-00-DX4.07de2e55-a8fe-40ee-9e98-bcb78050b9f7,False,True,False
TCGA-VM-A8CE-01Z-00-DX9.31516257-7E21-4797-ACCE-084FB67D82AA,False,True,False
TCGA-S9-A6U2-01Z-00-DX1.364156E1-47BA-4046-BFD7-C35B97785624,False,True,False
TCGA-06-0129-01Z-00-DX3.bae772ea-dd36-47ec-8185-761989be3cc8,False,True,False
TCGA-S9-A6WG-01Z-00-DX1.99FBC39A-F2DD-48F0-A5AB-52A508369C7A,False,True,False
TCGA-VM-A8CA-01Z-00-DX2.7A15A9CB-AD1E-49B5-81C9-8FFFFEDBDE44,False,True,False
TCGA-12-0691-01Z-00-DX2.f2ebd095-4760-4c0e-9d9e-d13b352394d8,False,False,True
TCGA-06-0148-01Z-00-DX1.3b19c82d-c52d-4514-8bf6-5b0f629c18de,False,False,True
TCGA-06-0122-01Z-00-DX2.8ccb2e31-03b4-4b49-88af-8412b68a901c,False,False,True
TCGA-VM-A8CD-01Z-00-DX8.030EF5DE-845F-4134-B26D-66EA5F2F1668,False,False,True
TCGA-12-0692-01Z-00-DX4.9fceb40e-f018-4b0e-a423-7f234079caae,False,False,True
TCGA-14-1795-01Z-00-DX2.9bbd2c20-2ef5-4df7-b5dd-bf0dd8a3d587,False,False,True
TCGA-06-0148-01Z-00-DX5.a79e0d64-0318-4976-8b53-6d08b621b31b,False,False,True
TCGA-14-1451-01Z-00-DX1.e97169f1-5aa9-41f1-9780-349d5744bfae,False,False,True
TCGA-12-3646-01Z-00-DX2.A4BF4903-5889-474A-97AB-C3CC2210EAD4,False,False,True
TCGA-06-0877-01Z-00-DX2.b5af1c90-e841-49a9-906e-73fd6cba57be,False,False,True
TCGA-12-0615-01Z-00-DX1.950874ee-45e9-4921-a75c-0bb8278a3445,False,False,True
TCGA-12-0829-01Z-00-DX1.4101C097-7249-42D7-96A3-EB78FD160241,False,False,True
TCGA-14-0817-01Z-00-DX3.636820c0-c393-4590-bbe6-b56fe29e6b28,False,False,True
TCGA-06-0192-01Z-00-DX1.2b015dd0-c962-4c36-a472-8ead6806374a,False,False,True
TCGA-06-0877-01Z-00-DX1.b936af27-4f87-44ba-8bb7-8f3f5b994961,False,False,True
TCGA-02-0023-01Z-00-DX1.69f7c0c4-ff59-4100-94c3-86b7bf2c27c8,False,False,True
TCGA-14-0813-01Z-00-DX2.f5ed7484-739f-4f90-bd88-1ebe4623bd89,False,False,True
TCGA-06-0210-01Z-00-DX2.1e456f3b-bebb-4606-9072-393abf077ef0,False,False,True
TCGA-26-6173-01Z-00-DX1.A612A5EC-A048-4A8F-AE2D-5A07C8B030D1,False,False,True
TCGA-06-1800-01Z-00-DX2.0ae4e1b5-3390-4caa-8929-7e9d359f14d0,False,False,True
TCGA-12-1600-01Z-00-DX2.8E6635EC-66CA-4C13-9AA6-7DE032B21C3B,False,False,True
TCGA-12-3652-01Z-00-DX1.BC31A966-8D64-4447-ACFE-1ED4BB95FEE6,False,False,True
TCGA-06-1084-01Z-00-DX1.35d581fd-93f6-46ee-9dc7-b25f15e83080,False,False,True
TCGA-08-0244-01Z-00-DX1.37361959-E91D-4B2F-8AB5-A4ED4AEC3A6E,False,False,True
TCGA-12-0820-01Z-00-DX1.43DEB9E2-D419-4263-8188-20FEBB070AAF,False,False,True
TCGA-06-0166-01Z-00-DX1.f0c10e84-1591-4ac1-9d14-0eb468f155f1,False,False,True
TCGA-06-1087-01Z-00-DX1.2498ed55-5e6d-4e65-9a5d-f9be74c5f250,False,False,True
TCGA-06-0130-01Z-00-DX2.174bf8b2-127b-437e-b8dc-90c9f1007617,False,False,True
TCGA-TQ-A7RP-01Z-00-DX1.21F73573-AC2E-4793-9EDF-AD1DF3875C82,False,False,True
TCGA-06-0878-01Z-00-DX1.75aa3e89-edcb-48c5-b778-7aae2085779f,False,False,True
TCGA-14-1453-01Z-00-DX3.d85f42df-ac7e-45b5-807e-929204bf3c87,False,False,True
TCGA-06-0189-01Z-00-DX3.8e42ed95-d001-430a-a24f-65e7838ff95a,False,False,True
TCGA-27-2518-01Z-00-DX1.148935FE-8C0A-4168-9D62-6AFF31DB75CE,False,False,True
TCGA-14-0867-01Z-00-DX1.4fa49d35-0a00-4ab6-b521-28401389a469,False,False,True
TCGA-06-0148-01Z-00-DX2.ec9f87b1-adef-4671-a056-19d38dd214f7,False,False,True
TCGA-06-0743-01Z-00-DX1.efc295e1-bb7b-4706-99e9-01901c3869d2,False,False,True
TCGA-VM-A8CD-01Z-00-DX6.965345AB-3591-48B4-8663-CC9361BEAE99,False,False,True
TCGA-06-0143-01Z-00-DX3.e9011249-11f6-454b-98f1-7f2bcfea228c,False,False,True
TCGA-27-1832-01Z-00-DX1.594a794d-ac95-4dc7-a105-bc52bc969935,False,False,True
TCGA-27-1835-01Z-00-DX1.e391c3a2-eb2a-4c3d-94be-16951be30dab,False,False,True
TCGA-06-0208-01Z-00-DX1.cea28355-3b64-48e6-b5f7-9a0d2b319150,False,False,True
TCGA-02-0074-01Z-00-DX1.41EA5863-D100-444D-AC5F-E2E5F5A22D20,False,False,True
TCGA-02-0021-01Z-00-DX2.9c97035f-399d-49ce-a545-4692b05bc6a9,False,False,True
TCGA-12-1602-01Z-00-DX1.FB995B06-B44A-46DA-AB1E-F65BDF4D872F,False,False,True
TCGA-27-2524-01Z-00-DX1.248D3383-FA61-4384-8161-0CB9B10F7677,False,False,True
TCGA-19-5947-01Z-00-DX1.8f5a42c0-87d5-4c73-9dcb-f054c5a7a96f,False,False,True
TCGA-12-0662-01Z-00-DX1.aa5dca3e-983c-452c-b7fc-96b5a0b8a389,False,False,True
TCGA-08-0346-01Z-00-DX1.DE612CE5-B30C-4E30-9D17-203CE32D364F,False,False,True
TCGA-06-1800-01Z-00-DX1.0d4be66a-1d7d-499c-9a87-e1849f76c1b7,False,False,True
TCGA-06-6388-01Z-00-DX1.14c09c5f-3ea4-4e1e-a5e6-308325383165,False,False,True
TCGA-06-0171-01Z-00-DX1.70065449-b7e1-4057-9aef-5cd94d57e6ad,False,False,True
TCGA-02-0033-01Z-00-DX1.3c22d6a0-8b25-4f00-a499-b610d0f3c9a0,False,False,True
TCGA-VM-A8C9-01Z-00-DX5.F028B05D-0986-42CC-B0AA-F55F9ACE743D,False,False,True
TCGA-12-0822-01Z-00-DX2.C4F87A2B-B4CA-41D3-A082-588155F4D17D,False,False,True
TCGA-02-0037-01Z-00-DX1.4b9fe7a7-82a6-4188-b6a7-d74649506e27,False,False,True
TCGA-19-2619-01Z-00-DX1.ed7e1a51-2352-4162-81f2-4a3b3bdab22c,False,False,True
TCGA-12-3650-01Z-00-DX2.454C5969-2EAD-4521-9662-11D814257B93,False,False,True
TCGA-06-0216-01Z-00-DX4.3c6ee8ee-81df-4714-b04d-3088c11b0aa2,False,False,True
TCGA-12-0662-01Z-00-DX3.83f35f0b-3c38-4e97-a3b1-6685da39364c,False,False,True
TCGA-06-0122-01Z-00-DX1.fb97a66e-2720-45e9-af2a-694505d1b808,False,False,True
TCGA-TQ-A7RG-01Z-00-DX1.71465600-F24A-4831-BA01-68A8C95F2BE9,False,False,True
TCGA-TM-A7CA-01Z-00-DX1.1CEBE1E1-7CBE-4F80-BAFC-828F7FA787B7,False,False,True
TCGA-VM-A8C8-01Z-00-DX8.CFBE7871-B2AD-4D99-8C40-D1EAC34BB272,False,False,True
TCGA-06-0178-01Z-00-DX5.7ab03a67-87f7-4e71-82fa-250518378f49,False,False,True
TCGA-14-1458-01Z-00-DX2.1839e27f-381d-463e-b30e-c38f0b2835c6,False,False,True
TCGA-TM-A84R-01Z-00-DX1.26D7F00E-85DD-49E9-BCA3-AAA25ECD2E5F,False,False,True
TCGA-VM-A8CB-01Z-00-DX4.D26731C6-9C13-40B6-9CB1-432249EF4F94,False,False,True
TCGA-S9-A6U6-01Z-00-DX1.23CAAC2B-577F-4262-85C1-6000F6EDFDEA,False,False,True
TCGA-TM-A7CF-01Z-00-DX1.EB905EDB-5AC5-41C4-AB00-526DD3820524,False,False,True
TCGA-S9-A7R1-01Z-00-DX1.9FAB9E82-AC0C-4902-BB8B-3620DCC21832,False,False,True
TCGA-TM-A84M-01Z-00-DX2.D73D0E2C-59B4-400F-B8DE-B49BACC45D26,False,False,True
TCGA-S9-A6WD-01Z-00-DX1.4B8BAF92-5817-494A-A842-7FE6C0C6F643,False,False,True
TCGA-RY-A847-01Z-00-DX1.E137897D-0B07-401B-A106-BFF78C14F5D4,False,False,True
TCGA-TM-A7C5-01Z-00-DX1.6B493BB3-6497-47AE-8D35-CC7C35868E6E,False,False,True
TCGA-08-0344-01Z-00-DX1.CBE3342B-101B-4610-809A-394AAA7ED421,False,False,True
TCGA-TQ-A7RJ-01Z-00-DX1.8BE260A2-A7DB-4CA7-8B86-33BABEFE017B,False,False,True
TCGA-S9-A7R8-01Z-00-DX1.1F2A9518-C2FC-46DC-ACB8-6CBA1D8EF9A2,False,False,True
TCGA-06-0178-01Z-00-DX8.b2b00151-d54b-4807-8cbf-69a74629604f,False,False,True
TCGA-S9-A7J0-01Z-00-DX1.F7AEDF07-33C2-4238-A04F-758C8EF58851,False,False,True
TCGA-19-A6J5-01Z-00-DX2.6F777294-333F-45F7-8C1D-0D26F4FEC68A,False,False,True
